0.225060
0.607141
0.110572
1.224385
0.672924
0.092740
0.719799
0.203067
0.190781
0.062367
0.671180
1.028652
0.220218
1.696071
0.406513
0.045425
0.194927
0.471640
0.217561
0.652684
0.653221
0.031328
0.714028
0.157759
0.412626
0.732814
0.383008
0.178459
1.223107
0.044444
0.099116
0.161363
0.775890
0.237584
0.105007
0.375188
0.396499
1.522513
0.988765
1.000204
0.036110
0.458597
0.667652
0.277490
0.418190
0.173651
0.359501
1.101677
1.172012
1.003378
0.481816
0.501575
1.303940
0.237987
1.171007
0.334896
0.079960
0.289021
0.776423
0.031559
0.371229
1.723766
0.205486
0.187119
0.212626
0.373720
0.916283
1.121729
0.325837
0.604638
0.710710
0.397590
0.179731
0.342144
1.832910
1.015028
0.777851
0.333914
0.709904
0.590484
0.217515
0.236392
0.197482
0.163603
0.704179
0.130787
0.728894
1.167777
0.553070
0.405520
1.667843
0.107354
0.370938
0.179341
0.352013
1.020786
0.879626
0.211871
0.722141
0.183113
0.024067
0.369819
0.966041
0.214578
0.009216
0.884717
0.122703
0.823110
0.190447
1.861805
0.346815
0.553580
0.217386
0.875895
1.483750
0.057169
0.029185
0.629069
0.005676
0.647066
0.158330
1.858573
1.257196
0.792866
0.162243
0.276256
0.547377
0.055425
0.734633
0.280588
0.265158
0.848861
1.520108
0.155124
0.090666
1.760656
0.050632
0.241812
0.751779
0.266411
0.222604
0.162798
0.043083
0.622219
0.055153
0.015811
0.857235
0.087855
0.687072
0.889603
1.090197
0.009268
0.822337
0.820183
0.839845
0.043883
0.131065
0.325951
0.104714
0.000247
1.195207
0.458813
0.850214
0.985146
1.009710
2.044277
0.888997
1.656215
0.228399
0.469122
0.236305
0.647315
1.088369
0.307339
0.288036
2.356895
0.336977
0.149095
0.082536
0.135416
0.046643
0.019979
0.147602
1.131640
0.933010
0.035849
1.956430
0.039441
0.397186
0.092544
0.039709
0.304902
0.733758
1.120934
0.190723
0.506360
1.047691
0.080172
0.458574
0.139638
0.707009
1.885466
1.747804
0.515605
0.286487
0.261759
0.503181
1.304996
0.547420
0.772344
0.089396
0.702175
0.873754
0.271795
0.525575
0.555931
0.335232
0.497777
0.686995
0.018676
0.803348
0.866510
0.339826
0.420770
0.631137
0.831243
0.115162
0.450661
1.590829
0.820122
0.908957
0.628193
0.764013
0.823325
0.222163
0.123712
0.120955
2.495220
0.078710
1.061300
0.756653
0.185079
0.503591
0.465209
0.652293
0.167889
0.161942
0.122467
1.236685
0.011926
0.146453
0.627897
0.938073
0.687408
0.167110
0.414840
0.407597
0.336504
0.085856
0.362763
0.175414
2.692382
0.131494
0.041111
0.811565
0.445790
0.176998
0.008875
0.437562
0.293294
1.140768
0.225500
0.699493
0.380313
1.730795
0.328763
0.851447
0.140708
0.600508
0.661273
0.156573
1.529007
0.297733
0.061466
0.602208
0.659877
0.568918
0.148920
0.125918
0.907820
0.742527
0.365448
0.893924
0.002385
0.454974
0.504477
0.451627
1.129654
0.529205
0.097972
0.207270
0.400216
0.389298
0.048535
0.043592
0.356236
0.427100
1.158018
0.702954
0.159750
0.503765
0.011999
0.128419
0.043637
0.075056
1.306187
0.847426
0.854289
0.101805
0.019891
0.533765
1.581832
0.407684
0.335520
1.641553
0.084196
0.066322
0.407364
0.025939
0.750776
0.664354
0.247075
0.198809
0.161572
0.329295
0.265151
0.770192
0.029236
0.187644
0.388870
0.200450
1.476231
0.415365
0.406856
0.015933
0.608120
0.330272
0.941073
0.369631
0.550782
1.089025
0.098420
0.490920
0.293728
0.550558
0.443205
0.457196
0.784444
0.078390
0.524618
0.420753
1.061334
0.020258
1.136612
0.085050
0.369203
0.184513
1.424692
0.432466
0.485772
0.329544
1.199565
0.421161
0.024042
0.313673
0.458964
0.694355
1.492131
0.297459
0.159509
0.479955
0.204082
0.300571
0.138834
0.755681
0.063528
0.886917
0.237915
1.209775
1.853035
0.014419
0.326942
0.967980
0.035282
0.236603
0.006104
0.446112
0.578530
1.542318
0.092669
0.183430
0.287176
0.040811
1.045288
0.330704
0.393040
0.324124
0.133599
0.340408
1.298014
0.354249
0.058755
0.150931
1.602382
0.217952
0.020386
0.041010
0.101450
0.271142
2.291951
0.086621
0.296205
0.317215
0.007445
0.361946
0.937876
0.013641
0.055686
0.380019
1.986050
0.160496
0.914557
0.270725
0.217667
0.629089
1.161253
1.138088
0.107134
0.073353
0.248067
0.062951
0.516508
0.348566
0.238098
0.462539
0.966579
0.271339
0.573240
0.019864
0.908205
0.557419
0.110332
0.167316
0.076456
0.119632
0.803563
2.235073
0.137025
1.176581
0.367929
0.124790
0.098923
0.223417
0.509396
0.380129
0.039618
0.389289
0.280865
0.156702
0.565660
0.859901
0.244976
0.193907
0.194959
0.726650
1.294874
0.098127
0.102291
0.467237
0.122404
0.011329
0.163724
0.268208
0.183220
0.273255
0.494367
0.056214
0.263467
1.011188
0.005668
1.333165
0.046349
0.105839
0.171839
0.650060
0.642282
0.228659
0.156290
0.083031
0.505393
1.457862
1.823012
0.011845
0.155507
0.176052
0.779404
0.106756
0.322168
1.837003
0.803384
0.589046
2.909418
0.040987
0.056749
0.181081
0.346311
0.664478
0.263961
1.200237
0.461791
0.273608
0.915723
0.587916
0.473653
0.070011
0.271450
0.204318
0.344262
0.581386
0.335156
0.071791
0.501492
0.310280
0.085489
1.153864
0.711789
1.466602
0.048680
0.133377
1.271686
1.113905
1.303691
1.253135
1.769200
0.017071
0.125681
0.318079
0.732264
0.500420
0.239020
0.232384
0.027688
0.124116
0.032620
0.548436
0.215763
0.328982
0.000766
0.942481
0.092850
0.336654
2.006328
0.811498
1.521812
0.074874
0.607359
0.621508
0.044880
0.794761
1.455932
0.003637
0.582717
1.027466
1.299662
0.538161
1.179391
0.080046
0.069534
0.560855
0.757893
0.356505
0.023544
0.898591
0.654028
0.057791
0.346894
0.041765
0.447323
0.348428
1.317648
0.715071
2.403780
1.205180
0.414390
1.442725
0.025274
0.155049
0.533059
0.072594
0.032323
0.459752
0.076802
0.694779
0.320450
0.035246
0.263789
0.237927
0.121674
0.388045
0.027188
2.808596
0.025453
0.052080
0.887746
0.755445
0.116643
0.200926
0.981003
0.803023
0.894196
0.774939
0.410542
0.870353
0.598570
0.065889
0.732179
0.687648
0.247220
0.276199
1.070133
0.301370
0.013026
0.012539
0.113767
0.345471
0.048713
0.475275
1.049997
0.184686
0.083187
1.332973
0.182064
0.113389
0.014913
0.072974
2.013961
0.135549
0.314352
0.921355
0.018736
0.177972
0.496233
0.454191
0.066247
0.198214
0.636997
1.116838
0.038720
0.058478
0.190848
1.572038
0.413986
0.210045
1.999306
0.727437
0.922292
0.038705
0.239052
0.635505
0.241704
0.381047
0.524794
0.583209
0.666309
0.568632
0.869534
0.633639
1.243032
0.171973
0.410508
1.534602
0.446436
0.104962
0.399661
0.626957
0.363492
0.157803
0.467585
0.447207
0.239849
1.293657
0.397087
1.442056
0.155844
0.377197
0.620087
0.058098
0.463417
0.047545
0.883488
2.191689
0.489110
0.326069
0.563561
0.223327
0.086210
0.346926
0.040951
0.039055
0.783633
0.508959
0.014549
0.240559
0.880152
0.432615
0.050752
0.211288
0.947557
0.608702
1.372844
0.131156
0.495481
0.330671
0.096079
1.134437
0.006820
1.083547
0.003145
0.480829
1.868993
0.902185
0.464762
0.458418
0.188797
0.165152
1.615132
0.320150
0.760819
0.019938
0.397039
0.425523
0.566204
0.429815
1.549872
0.352358
0.084639
0.026416
0.949876
0.002720
0.704196
0.771334
0.134694
0.242453
0.157377
0.264646
0.164819
0.166743
0.175821
0.169198
1.157937
0.159185
0.065344
0.353196
1.031328
0.287238
0.775285
0.895890
1.203229
0.421426
1.029535
0.306123
0.076897
0.399444
0.017580
0.051288
0.028773
0.105531
0.080643
1.183918
0.108892
1.173871
0.589652
0.282689
0.170302
1.642227
0.925222
0.421376
0.141259
0.075005
0.970931
0.079754
0.265485
1.933341
0.530682
0.167631
0.268990
0.291599
0.062887
0.197217
0.005737
2.334281
0.765793
0.083593
0.389119
0.852857
0.144808
0.454047
0.004336
0.255746
0.349608
0.114289
0.181789
0.108787
0.505562
0.450055
0.086030
0.326024
0.088937
0.258915
0.481590
0.009854
0.401064
0.015378
3.281029
0.115111
0.189269
0.267781
0.521396
0.283985
0.674690
0.537847
0.275771
0.371596
0.838049
1.672287
0.209856
0.033255
0.412121
0.216468
0.312506
0.033314
0.405664
0.733883
0.150545
0.106549
0.225521
0.270694
0.555765
0.373260
0.863685
0.170730
0.394280
0.234102
0.192505
0.392728
0.433176
0.503510
1.594034
0.128769
0.035222
0.600900
1.085721
0.338596
0.126643
0.600130
0.305031
0.417952
0.720333
0.009141
1.250001
0.129370
0.043091
0.320892
3.002991
0.209703
0.547665
0.223590
0.714859
0.205125
1.088234
0.437181
0.491460
0.282870
1.570344
1.453306
1.867958
0.384220
0.433790
1.365894
0.720506
0.522137
0.502895
0.523911
0.075418
0.975958
0.213996
0.454031
0.276272
0.059062
0.477010
0.209603
0.207295
0.597646
0.846623
0.205434
0.020384
0.328551
0.597832
0.806148
0.852327
0.438601
0.241802
0.293447
0.008123
0.207902
0.246564
2.430925
1.045570
1.742087
1.309752
0.510500
0.480349
0.412090
0.170587
0.708141
0.271850
0.507018
0.218540
0.928692
0.690477
1.735130
0.103113
0.046085
0.548720
0.001216
0.276672
0.612467
0.330900
0.065323
0.353414
0.179942
0.612986
1.104713
0.685585
0.641224
0.130959
0.072789
0.627469
0.056517
0.055353
0.513706
0.686483
0.640378
0.113747
0.018182
0.326538
0.487592
0.558834
0.896796
0.314426
0.273762
0.811083
0.529427
0.356339
0.316313
0.532941
1.363970
0.096203
0.075210
0.029407
0.572571
0.291605
0.721212
0.424383
0.104181
0.333047
0.810967
0.195459
0.112319
1.200450
0.279626
0.926592
0.533570
0.081575
0.023932
0.588373
0.497253
0.553745
0.226812
0.311561
0.073328
0.771586
0.154801
0.779269
0.175466
0.664137
0.294513
0.131082
1.204493
0.439480
0.169651
0.448139
0.013522
0.026373
0.089547
0.120889
0.385736
1.697445
0.386456
0.671355
1.043009
1.701044
0.436288
0.379461
0.062346
0.495591
0.126511
0.687826
0.177249
0.443641
0.118531
0.285362
0.234622
0.324392
0.127085
0.555079
0.119373
0.553684
1.156862
0.065327
0.146755
0.104646
0.626569
0.164975
0.137363
1.053365
0.342401
0.752287
0.931587
0.017370
0.363612
0.637627
0.000420
0.052057
0.145490
0.062822
0.650497
0.323148
1.002712
0.013282
0.033200
0.039767
0.309111
0.288811
0.403463
0.578448
0.057852
0.726553
0.219339
0.005212
1.097473
0.470126
0.111079
0.461945
1.105967
0.289401
0.328304
0.244142
0.122515
0.197421
0.272764
0.662262
0.023993
0.273489
0.894724
0.177854
0.387586
0.411271
0.746583
0.259406
0.442034
0.914992
0.328144
0.024595
0.163109
0.017813
0.661262
0.245197
0.807618
0.046414
0.253736
0.585256
0.598863
0.454652
0.173235
0.444133
0.018657
0.744081
1.843494
0.146478
0.052917
0.251608
2.212073
0.079662
0.848373
0.860082
0.295839
0.220103
0.240350
0.125477
0.715371
1.729688
0.031750
0.138599
0.008344
0.207666
0.162238
0.693322
0.650046
0.040741
0.912360
0.067039
0.730599
0.384860
0.641279
0.031396
0.067045
0.712100
0.901131
0.052926
0.006666
1.370552
0.342449
0.000630
0.043205
0.187405
0.863612
0.376856
0.552330
0.113998
0.695806
0.280660
0.094627
0.837927
0.556822
0.104727
0.082868
1.485363
1.398938
1.061065
0.013677
0.752084
0.002859
0.792436
0.188917
0.651665
0.968580
0.290038
0.334397
0.587145
0.388901
0.347492
0.492369
0.018563
0.348756
0.617635
0.214641
0.196077
0.136316
0.008929
0.375677
2.300248
0.296421
0.603148
0.811781
0.063284
1.102136
1.556532
0.035007
0.882257
0.903211
0.049691
0.466372
0.920877
1.101955
1.270313
0.421794
0.684260
0.224181
0.029614
0.286775
1.160949
0.408705
0.032505
1.393199
0.031259
0.739611
0.169404
0.243070
0.005436
0.181980
1.222516
0.000383
0.697823
0.475924
0.813727
1.024795
0.350229
0.711700
1.397062
0.202012
0.451768
0.017003
1.397620
0.286640
1.282391
0.983352
0.003091
0.552186
0.125135
0.032894
0.055499
0.065808
0.486559
0.091962
0.031832
0.573955
1.408259
0.214670
0.035053
1.507955
0.530865
1.981171
1.515832
0.260834
0.451878
0.703934
0.162645
0.051901
0.361228
0.122001
0.281910
0.057878
0.143807
0.230913
0.394427
0.094983
0.130651
0.401254
0.921295
0.300157
0.477863
1.465466
0.427461
0.135619
0.060888
0.505800
1.264529
0.028200
2.114217
2.210204
0.002928
0.510226
1.736113
1.580340
0.023566
0.414949
0.624030
0.195574
0.543100
0.128984
0.388518
0.049067
0.205255
0.780758
0.311196
1.069904
1.651060
0.590929
0.284686
0.816836
0.078124
0.025429
0.696038
0.635299
0.169243
1.005311
0.219795
0.116229
1.268738
0.208610
0.108697
1.307094
1.973626
0.089767
1.078705
0.013547
0.651430
0.454800
0.215737
0.247763
0.870613
1.106753
0.331039
0.088001
0.571071
1.474061
0.022345
0.516497
0.512012
0.324876
0.297873
0.769736
0.374764
0.111753
0.351439
0.842517
0.034345
0.984995
0.011112
2.183827
0.112614
0.122546
1.227238
0.100666
0.240396
0.800902
0.117285
0.058241
0.251910
0.409966
0.347277
0.124536
0.299120
2.097358
0.240520
0.070256
1.347717
0.277184
0.746156
0.425884
1.168532
0.126799
0.222243
0.281762
0.276073
0.996404
0.140759
0.337331
0.644094
0.155538
0.325035
1.301144
0.331511
0.248858
0.057287
1.006509
0.105700
0.190882
1.872589
0.441345
1.047305
0.324156
0.822036
0.198082
0.309945
0.104539
0.306420
0.250837
0.476260
0.132855
1.718267
0.364513
0.305631
0.197760
1.482327
1.066933
0.105582
0.107702
0.232840
1.230133
0.309136
0.949504
0.917805
1.457839
0.138777
1.485411
0.836316
0.283623
0.154679
0.777040
0.009717
0.077138
0.154411
0.874506
0.317503
0.650398
0.007416
1.317337
0.065150
0.495715
0.088127
0.047151
0.079250
0.482386
0.269495
0.049909
0.347125
0.466999
0.170388
1.031170
0.368663
0.692960
0.642098
0.224781
0.594935
1.683277
0.186135
0.354625
0.254086
0.430090
0.175917
0.270344
0.636265
0.413101
0.139663
0.105327
0.171229
0.149492
0.062896
0.265638
1.091883
0.164112
0.348716
0.017275
1.144975
1.255426
0.069032
0.254813
0.373086
0.270419
0.158812
0.024296
0.091749
2.674839
0.263412
0.995294
1.618799
0.637116
0.232108
0.222479
0.176390
0.551272
0.749845
0.008647
0.130855
0.010360
0.116023
0.367238
0.163514
0.196739
1.346987
0.090953
0.464551
0.285046
0.111746
0.350408
0.217958
0.199670
1.167037
1.056599
0.687137
0.096321
1.305776
1.230337
0.093450
0.204814
0.752556
0.070330
0.029057
0.080894
0.337029
0.218265
0.850103
0.155417
0.231709
0.024396
0.169608
0.431330
0.419507
0.418056
1.167839
0.346825
0.660117
0.354991
1.364980
1.353077
0.006121
0.169913
0.152207
1.234124
0.091514
0.004733
0.047425
0.049266
1.288795
0.151204
0.281004
0.605416
0.248938
0.333149
0.953349
1.070846
0.916661
0.552492
0.081088
0.118488
0.630103
0.287576
0.777833
0.167225
0.001998
0.589163
0.767443
0.667641
0.111918
0.635231
0.554517
0.119586
0.003715
1.348308
0.068475
0.095979
1.423546
0.123255
0.156323
1.005071
0.326426
0.599374
0.419758
1.026386
0.102174
0.271942
0.701548
0.012628
0.046219
1.171048
0.134548
0.816608
0.208709
0.012598
0.046588
0.211746
0.631308
1.033706
0.042866
1.248329
0.449207
0.697732
0.069838
0.458381
0.577351
0.149437
0.745486
0.492868
0.323919
0.022153
0.339490
1.564809
0.676946
0.031442
0.879802
1.305837
0.327403
0.436199
1.513391
0.420536
0.332694
0.103794
0.233765
0.877755
0.119344
0.310338
0.094627
1.325548
0.204666
0.146906
0.938875
1.320371
0.003444
1.895488
0.376321
0.588363
0.134445
0.181006
0.191766
0.623436
0.213139
0.834105
0.552612
0.046514
1.029281
0.343334
0.007770
0.217565
0.041040
1.704847
1.272790
0.415892
0.083859
0.174796
0.248716
0.228442
0.708259
0.415439
0.175611
0.048999
0.854399
0.077298
0.011144
0.873723
0.064295
0.400279
0.364383
0.220369
0.964298
0.904082
0.035767
0.112643
0.521297
0.669513
0.171629
0.366800
0.133710
0.182616
1.030382
0.188039
0.159355
0.790463
1.052602
0.278714
0.046738
0.157416
0.790101
0.937623
0.899156
0.047286
1.406974
0.529703
0.132945
1.636049
0.326118
0.218588
0.359740
2.844331
0.619939
0.229150
0.893867
0.756193
0.421236
0.327080
0.364403
0.982698
4.903499
0.697495
0.090680
1.030166
0.033933
0.288819
0.549512
1.439369
1.005322
0.705383
0.120325
0.539646
0.461565
0.024755
0.693953
0.391272
0.604732
2.063841
0.351429
0.099691
0.206262
0.008994
0.097630
0.024912
0.243448
0.005046
0.880769
1.548596
0.336831
0.212121
0.842954
0.336777
0.051515
1.970932
0.225254
0.089273
0.271817
0.014971
0.056757
0.168060
0.769823
0.193708
1.455943
0.245732
0.230618
0.595412
1.337026
0.036898
0.569576
0.286226
0.145111
0.009047
0.302281
0.280430
0.034425
0.913657
0.289305
1.125726
0.789889
1.325961
0.137540
0.469144
0.272011
0.206538
0.444935
0.762288
0.348480
0.004347
0.835087
0.469795
0.174154
0.454817
1.332522
0.137051
2.120186
0.178266
1.372687
1.242207
0.231844
0.478146
0.217307
0.487679
0.502037
0.820391
0.026819
0.602238
0.518279
0.338192
0.451816
0.289290
0.273254
0.902097
0.024600
0.918242
0.095448
0.507089
0.487635
0.563019
0.519167
0.285195
0.167664
1.407330
0.016274
0.121227
0.099116
0.008889
0.362009
0.061421
1.360928
1.086830
0.657046
0.168950
0.355841
0.226985
0.048754
0.412092
0.033631
0.670146
0.027204
0.539336
0.097726
0.321214
0.341941
0.127798
0.188883
0.553011
0.993321
1.386451
0.211416
0.355452
0.232779
0.496731
0.297897
0.258958
0.932188
0.495368
0.273970
0.223305
0.681862
0.220112
0.141478
0.322726
0.514787
0.704533
0.917772
0.665421
0.190656
1.179695
0.321205
0.231010
0.416751
0.527077
0.928875
0.031375
1.048023
0.086336
0.654572
0.673351
0.050522
0.038851
0.142977
0.315858
0.609489
0.597967
1.030055
0.398671
0.197467
0.174368
1.202207
0.036591
0.525667
0.084877
0.394987
0.173624
1.213827
0.244382
0.014774
0.129899
0.172753
0.349675
0.456626
0.974606
0.083976
0.292379
1.253180
0.016088
0.459830
0.522608
0.738255
0.597757
0.642130
0.010239
0.090625
0.278969
0.632657
0.019543
1.888026
0.022564
0.202298
1.089161
0.060910
2.045657
0.021922
0.540636
0.161933
1.546703
0.024308
0.182475
0.101330
0.207448
0.827375
0.762152
0.109828
1.654744
0.127438
0.061446
2.662183
0.875306
0.722014
0.727705
0.370942
0.333905
0.773150
0.584878
1.231269
0.351411
0.650775
1.112204
0.398076
0.031280
0.753976
0.544774
0.022460
0.861677
0.196127
0.193257
0.748471
0.232544
0.492215
1.604849
0.621550
0.285648
0.677124
1.196892
0.254308
1.703286
0.012329
0.250274
0.787948
0.776485
0.087472
0.190602
0.161172
1.473107
0.003270
0.105566
0.300992
0.662900
0.042888
0.000608
0.792502
0.986059
0.546583
0.913113
0.573436
2.269402
0.086914
0.306759
0.224108
0.770672
0.270805
0.037763
0.124945
0.087205
1.993956
0.483512
0.067849
0.002918
0.006841
1.263307
0.790425
0.095631
0.135270
0.036151
0.064796
0.139561
0.150609
0.426450
1.907482
0.209491
0.427877
0.741435
0.113527
0.137142
0.473368
1.083563
0.130162
0.738227
0.210837
0.446325
0.407613
0.718248
0.544098
0.753835
1.277374
0.517309
0.254049
0.025216
0.525564
0.265471
1.740965
0.294084
0.440986
0.115515
0.361193
0.614783
0.298770
0.744697
0.165227
0.279132
0.062087
0.970502
0.112080
0.192755
0.050642
0.837809
0.114952
0.196908
0.438970
0.398634
1.238188
0.076472
0.186753
0.432715
1.265347
0.133268
0.126652
0.191919
0.166446
1.036627
0.655978
0.145446
0.192009
0.190441
0.306881
0.895745
0.012311
1.195849
0.467965
0.182443
0.204981
0.644681
0.088467
0.385163
0.022734
0.149532
0.215349
0.143735
0.438547
1.361377
0.802930
0.346536
0.039591
0.058810
0.041197
2.830983
0.211512
0.180384
0.189374
0.494550
0.097450
0.023540
1.062189
0.342554
0.225281
0.207138
0.199682
0.244737
0.142315
1.382563
0.590089
0.438573
0.541742
0.965307
0.064581
0.612149
0.060197
0.318491
1.560384
0.597736
0.259951
0.703575
0.109950
0.328455
1.005426
0.161823
0.325114
0.118534
0.432980
0.788377
0.913644
0.706188
0.914246
0.635847
0.145444
0.112870
0.030313
0.435723
0.444735
0.183025
0.365617
0.165575
1.106209
0.099391
0.073580
0.005901
1.087125
0.144023
0.329709
0.923161
1.475488
1.095828
0.454835
0.078393
0.230873
0.311315
0.273750
0.941578
0.561243
0.000479
0.512559
0.360446
0.708159
0.327531
0.132846
0.004922
0.573898
0.172761
0.447569
0.158583
0.456501
0.058342
0.403374
0.335934
0.171531
0.586458
0.347554
0.097225
1.413494
2.062224
0.009538
1.096957
1.028238
0.478867
0.017106
0.138479
0.041532
0.303704
0.047048
0.701695
0.304585
0.656614
0.155932
0.120140
0.118900
0.347819
0.126407
1.123595
0.788469
0.843257
0.090818
0.248852
1.294938
0.636105
1.065671
0.121275
0.264092
0.240878
0.248862
0.216264
0.227955
0.264650
0.136991
0.136052
0.013799
0.159612
0.327097
0.056544
0.651945
0.421919
0.987238
0.102114
0.179047
0.069105
0.254011
0.359368
0.497570
0.486038
0.261227
0.275582
0.286829
0.425522
0.845857
0.224325
0.173235
0.597207
0.430057
0.607254
0.041376
1.736466
0.027903
0.294889
0.238983
0.174022
0.575651
0.261431
0.418763
0.089512
0.360884
0.175308
0.661861
0.235220
0.327416
0.017736
0.350950
1.055100
0.396464
0.072331
0.347063
1.544131
0.408683
1.382542
0.374806
0.234365
0.177295
0.858149
0.036997
1.041426
0.370554
0.081696
0.930232
0.431010
0.453532
0.127031
1.026397
0.164299
0.499206
0.288878
0.293478
0.078703
0.663241
0.097910
0.367940
0.121074
0.119566
0.012799
0.049274
0.713917
0.087153
0.451116
0.626916
0.633575
0.378966
0.138563
0.048570
0.885699
0.032169
0.089499
0.610951
0.440613
0.188902
0.398954
0.089215
1.209153
0.743803
0.017835
0.105976
0.260120
0.321119
0.503899
0.400662
0.116898
0.837837
0.037460
0.275422
0.012919
0.051269
0.364267
0.770142
0.148809
0.059235
0.346845
1.860335
0.515131
0.678004
0.035400
0.320269
0.816414
0.132142
0.098203
0.247434
0.395799
0.651073
0.403456
0.306067
0.348718
0.444348
0.523205
1.191692
0.032373
0.166885
0.307194
0.158158
0.050795
0.378800
0.593242
0.065115
0.495326
0.119187
1.191828
1.086133
0.195642
0.262174
0.989755
1.704087
0.081478
1.331173
0.289811
1.550486
0.088644
0.481445
0.211822
0.617802
0.212526
1.146862
0.091450
0.943267
0.334635
0.846279
0.705633
0.399934
0.052532
0.121159
0.862375
0.109285
0.686005
0.363341
0.191686
0.235056
0.652046
0.128239
0.151330
0.026908
0.502951
0.065631
0.009740
0.767760
0.027348
0.307335
0.672866
0.121475
0.040276
0.044413
1.295330
0.275527
2.070861
0.048353
0.158769
0.319351
1.193689
0.014317
0.011447
0.003947
0.139474
0.930288
0.114201
2.293858
0.223852
0.369738
0.226980
0.046874
0.690879
0.491805
0.076506
0.241564
0.691258
0.087875
0.091845
0.810456
0.484256
1.190039
0.009067
0.598244
2.443181
1.432350
0.064715
1.876564
0.017906
0.249997
0.297628
1.435055
0.273825
0.318585
1.509709
0.546982
0.189628
0.084426
0.532015
0.564335
0.566606
0.010014
0.726269
0.278318
0.519047
1.192465
0.830405
0.251201
0.035789
1.904296
0.109829
0.584671
1.082618
0.121148
0.244838
1.050755
0.086092
0.355227
0.963048
0.107435
1.161617
0.180386
0.073474
0.195586
0.743777
0.045965
2.248142
0.046994
0.139327
0.516113
0.726735
1.270426
0.544752
0.379928
0.213907
0.185161
0.290062
0.086036
0.609395
0.355907
0.073035
1.159452
0.110745
0.010704
0.062099
0.440765
1.145862
0.160772
0.049595
0.699573
0.315862
2.823708
0.028843
0.464419
0.192985
0.886361
0.590160
0.184851
1.261838
1.374574
1.527170
0.579305
0.973219
0.479159
0.123170
0.114886
1.301508
0.537226
0.225781
0.497616
0.091819
0.345843
0.379623
0.228199
0.367453
0.523166
1.521299
0.271810
1.286858
0.023923
0.094703
0.248851
0.022076
0.129777
2.914999
0.225808
0.030265
0.585400
0.558074
1.921468
0.491615
0.490825
0.546286
0.329970
0.138384
1.072754
0.583021
0.091793
0.389905
0.026579
0.799948
0.617678
0.400409
0.200286
0.039363
0.037086
1.927812
0.014198
0.337501
1.164402
0.038827
0.544421
0.174539
0.062729
1.112802
0.172461
0.328223
1.505236
1.997851
0.083482
1.324662
0.467615
0.754972
0.450637
0.047497
0.010534
0.324029
0.754851
0.104477
0.009309
0.888317
2.158116
0.650453
0.240497
0.190420
0.813348
0.301946
0.175171
0.890167
1.442672
0.110411
1.182938
0.467684
0.339428
0.012167
0.346130
0.767460
0.351952
0.299180
0.726501
0.538111
0.238686
0.233913
0.288302
1.816002
0.312052
0.307209
0.299352
0.139383
0.521511
0.316424
0.038482
0.502918
0.109475
0.304318
1.507710
0.000030
1.199700
0.141531
0.890342
0.959997
0.294095
0.668962
0.308974
1.386063
0.717008
1.615812
0.640064
0.155304
0.264490
0.334843
1.302648
0.781237
0.989411
0.226526
0.721792
0.197282
0.866820
0.120652
0.421182
0.318356
0.574930
0.515549
0.055596
1.059950
0.052288
0.028925
1.060197
0.004279
0.180295
0.621518
0.989934
0.687980
0.298104
0.194941
0.577392
0.118338
0.166598
0.261173
0.324807
0.592353
1.126915
0.258650
0.331355
0.706877
0.730913
0.142820
0.043214
0.447689
0.310752
0.527931
0.032279
0.079019
0.175128
0.091812
0.013244
0.251086
0.126775
1.183055
0.258176
0.374006
0.480706
0.154091
0.160169
0.034541
0.443465
1.596742
0.162522
1.025725
0.227730
0.703774
0.416913
0.151126
0.086658
0.025733
0.008888
1.310818
0.177360
0.052912
0.365802
0.716682
0.698222
0.435397
1.191235
0.024604
0.691415
1.357668
0.292418
1.807643
0.916204
0.935755
0.346358
0.305894
0.059013
0.743348
0.371558
0.601003
0.659977
0.809428
0.422987
0.051957
0.407242
0.073367
0.222788
0.629850
0.103291
0.236735
0.515819
0.332057
0.324642
0.088631
0.141689
0.130751
0.680940
0.083880
0.162950
0.339576
0.046201
0.638138
0.313721
1.317164
0.418549
1.688188
0.243760
0.567165
0.672980
1.205216
0.237224
0.319863
0.622568
1.484380
0.423452
0.156829
0.044476
1.335404
2.116508
0.158555
0.184061
0.495869
0.707390
0.769834
0.783930
0.001897
0.007889
0.383214
0.086124
0.173911
0.014346
0.141507
0.007405
0.340934
0.096018
0.435821
0.308239
0.411145
0.150619
0.111489
0.318194
0.507876
0.558028
0.100995
0.441553
0.139652
0.300857
0.556782
0.095880
0.287788
1.435550
0.329336
0.034508
0.602627
0.155994
0.976658
0.608986
0.166802
0.250048
0.991703
0.430710
0.273928
0.057644
0.448415
1.239306
0.166768
0.095505
0.236041
0.929556
0.284558
0.429207
0.189160
0.037278
0.142907
0.344464
0.536981
0.338920
1.498004
0.200210
0.549479
0.245212
0.159638
0.080814
0.302862
1.819259
0.270000
0.187360
0.566414
0.603513
0.612166
0.388568
0.163110
0.068401
0.523727
1.022009
0.022498
1.349917
0.022692
0.272619
0.750230
0.325372
2.822142
0.048234
0.399462
0.140558
0.445612
0.116935
0.668460
0.388113
0.386633
0.258865
1.312039
0.835180
0.403014
0.240483
0.769792
1.763787
0.592629
0.311259
0.556668
0.255729
0.001848
1.496782
0.375639
0.529011
0.858468
0.424590
0.440512
1.000325
2.448472
0.225190
0.210108
2.254609
0.303095
1.118787
0.133321
0.022719
0.053691
1.777158
0.438874
0.511263
0.235424
0.358490
0.300863
1.321829
1.120226
0.135684
1.148914
0.443272
0.603779
0.423221
2.224140
0.609987
0.367978
0.363391
0.221288
0.208772
0.046481
1.434656
0.115393
0.042399
0.182552
0.398350
0.036444
0.714499
0.292118
0.181453
0.817051
0.392946
0.161307
0.246455
0.102039
0.526735
1.155960
0.506314
0.433957
0.791200
1.037332
0.326672
0.240991
0.428392
0.026046
0.231608
0.164417
0.423979
1.091426
0.507859
1.221206
1.865944
0.435085
0.063428
0.029533
1.090164
0.551800
0.068283
0.521276
0.058713
0.282816
0.301031
0.532222
0.615065
0.920915
0.915297
0.222379
0.678178
0.323531
1.400033
0.384929
0.216022
0.271408
1.258894
1.303840
0.317109
0.171319
0.115671
0.021120
0.097634
0.930198
1.544037
0.083286
0.277135
0.038197
0.118363
0.187350
0.677154
0.206580
1.608819
0.957533
0.735800
0.265743
0.354382
0.325224
0.146342
0.213418
0.907641
2.779093
0.868205
0.748953
0.380783
0.095985
0.108638
0.301130
0.053215
0.546726
0.678430
0.183719
0.612604
1.262350
0.082368
0.540456
0.038093
0.430655
0.662625
0.167141
1.103163
0.323263
0.487214
0.948047
0.199348
0.249641
0.151984
0.905635
1.024833
0.362688
0.101660
0.616238
0.358722
0.003931
0.331631
0.023057
0.100752
0.569912
0.344074
0.166662
0.211611
0.137236
0.446967
0.026369
0.087143
0.679028
0.622544
0.132829
0.193001
0.295609
0.364333
0.117941
1.278644
0.075434
0.030923
0.144702
0.380792
0.194369
0.045972
0.259005
0.909912
0.158609
0.059801
0.215351
0.164016
0.455102
0.251275
0.310097
0.162645
1.115171
0.684466
0.487423
0.071090
0.205172
0.560613
0.172994
0.041374
0.244046
0.373040
0.255120
0.893541
0.022094
0.470517
0.703324
0.101220
0.553950
0.003174
0.629987
2.404038
0.049453
0.064277
0.885338
0.227853
0.132869
0.099061
0.518749
0.888685
0.427532
0.057043
0.057481
0.314853
0.960163
0.657172
0.457879
0.105372
0.259991
1.114040
0.156970
0.784324
0.270679
0.552947
0.489383
0.309269
0.163462
0.238423
0.517161
1.484148
0.243547
0.223825
1.410433
0.326735
0.328413
0.735333
0.934632
0.627398
1.497438
0.338069
0.394591
0.371905
0.457199
0.531214
2.411208
0.301364
0.243663
0.447925
0.514592
0.783195
0.330828
1.215996
0.437186
1.161633
0.435209
0.116030
0.225740
0.983358
0.441384
0.003939
0.826940
1.786953
0.230003
0.691429
0.300481
0.949313
0.366326
0.176540
0.416310
0.316802
0.777716
0.058759
2.560084
0.245629
0.724638
2.133552
0.918882
0.081844
0.431040
0.330368
1.425348
0.031854
0.251815
0.372296
1.658904
1.883770
0.658707
0.198067
0.906928
0.191756
0.203932
0.518762
0.171591
0.608108
0.251105
0.677799
0.403579
1.227727
0.020248
0.063331
0.241849
0.881843
0.130581
0.237026
0.122140
2.659666
0.225888
0.029641
0.078969
1.416973
0.389449
0.046218
0.001472
1.380377
0.475137
1.701224
1.224657
0.211971
0.173922
0.694394
0.545433
0.495402
0.252332
1.545740
0.202013
0.782952
0.596636
1.086871
0.610859
0.666772
0.002615
0.046484
0.416258
0.133980
0.313962
0.761124
0.130790
0.885404
0.914228
0.236013
0.737069
0.239362
0.312329
0.743532
0.190764
0.040562
0.674832
0.131222
0.275354
0.017536
1.993726
0.045802
0.544112
0.237203
0.021505
2.708395
0.092470
0.671371
1.067720
1.036225
0.322493
1.090292
1.647067
0.020607
0.065103
0.280360
0.863424
0.217126
0.149881
0.541608
0.651921
0.015245
0.021413
0.107258
0.814807
0.222445
0.158033
0.393364
0.445720
0.592818
0.432717
0.423602
0.761588
0.138745
1.489275
0.868865
0.135823
0.062770
0.413856
0.063737
2.420619
0.019517
0.003365
1.550575
0.040962
0.068938
0.242420
1.155384
0.327968
0.515305
0.413122
0.117581
0.559266
0.463463
0.257606
0.324312
1.652980
0.559839
0.011073
0.402902
0.229483
0.459439
0.066571
0.081286
0.926875
0.038329
1.827258
0.042358
0.106456
0.385099
0.112141
0.101594
0.428257
0.116356
0.074759
0.530686
0.205047
0.370205
0.404654
0.850383
0.090936
0.062296
0.013693
0.914834
0.638944
0.280743
0.190461
0.577132
0.054492
0.206752
0.135892
0.318684
1.404251
0.225211
0.485588
0.764058
0.286735
0.452538
0.998593
0.494708
0.071109
0.033708
0.835873
0.615376
0.159286
1.507551
0.224667
0.469811
0.321266
1.243137
0.278157
0.511289
0.017256
0.302288
0.326835
0.703859
1.074219
0.796376
0.289918
2.155805
0.072690
0.566589
0.306158
0.038986
0.020741
0.041293
0.976199
0.324151
0.561592
0.640697
0.055618
0.823374
0.774510
1.246596
0.362063
0.031127
1.013666
1.048591
0.553697
0.209545
0.789888
0.050608
2.028186
0.879847
0.399206
0.310464
0.437576
0.283954
0.150005
0.011742
0.272259
0.250847
0.603995
1.050983
0.316973
0.677079
1.573891
0.198431
0.123527
0.499578
0.025606
0.195910
0.289137
0.908436
0.138225
1.543774
1.140525
0.058179
0.890660
0.418976
0.300920
0.491166
0.544826
0.285364
0.302079
0.120160
1.138656
0.018678
0.520521
0.085175
0.030873
0.034564
0.400506
0.715815
1.446372
0.010424
0.349498
1.159504
0.214012
0.639740
0.381183
0.253855
0.023542
1.798125
0.134328
0.169503
1.308374
0.071599
0.253222
0.710535
0.603357
0.947102
0.242341
0.226662
0.167350
0.908763
0.431506
0.100378
1.036690
0.127462
0.206637
1.359947
0.172526
1.102023
0.594048
0.134851
1.205510
0.110395
0.074262
0.149527
1.262447
0.556549
0.534442
1.689611
0.516460
1.113751
0.146145
0.423142
0.012977
0.526073
0.199894
0.648119
0.346948
0.625263
0.047666
0.768145
0.400610
0.552879
1.701255
0.277092
1.122462
0.182086
0.222813
0.102824
0.108378
0.028167
0.274327
0.055549
0.145772
0.410825
0.225988
0.094869
0.131823
0.010223
0.074685
1.042887
1.217724
0.248953
0.296002
1.390804
0.021982
0.748772
0.546070
0.391958
0.336640
0.704129
0.198903
0.021029
0.276233
0.174721
0.314283
0.191756
0.458329
0.874985
0.351010
0.792422
1.064302
1.306528
1.152141
0.071870
0.333725
0.153127
0.183155
0.634237
0.167065
0.294810
0.451352
0.109377
0.909034
0.021094
0.072248
1.062939
0.850866
0.802334
0.275874
0.183795
0.404251
0.697699
0.214457
1.930339
0.024167
0.844859
0.176542
0.521113
0.513122
0.809487
0.292013
0.369748
0.652059
0.209671
0.534333
0.121401
0.466110
1.651753
1.361419
1.105276
0.262723
0.376279
0.045422
0.141426
0.422161
0.125117
0.067933
0.245335
0.010319
0.400476
0.594351
0.427716
0.180746
0.022586
0.403547
0.215813
0.981617
0.953009
3.077997
0.347821
0.529543
0.290115
0.012091
0.240484
0.763357
0.570382
0.454891
0.246388
0.515951
0.379323
0.163858
0.026901
0.031225
0.228068
0.177445
0.498062
0.442946
0.277380
0.009324
0.468348
1.883714
0.625635
0.101046
0.164428
0.709464
0.667473
0.498210
0.480674
0.443556
0.495346
0.063274
0.138130
0.035700
0.077019
0.488019
0.954132
0.866327
0.124607
0.137702
0.314483
0.697741
0.367158
0.366190
0.837860
1.087709
0.851834
0.293060
0.321316
0.139708
0.309943
0.042873
0.124656
0.096703
0.154047
0.347491
1.358141
0.000992
0.070619
0.400927
0.445967
0.714388
0.554895
0.890472
0.883949
0.838676
0.303228
0.571237
0.505737
0.562437
1.273640
0.054447
0.278953
0.291584
0.486974
0.137495
0.198981
0.290263
0.575908
0.810769
0.576277
0.078872
1.079582
1.176070
0.194145
0.081102
0.260229
0.147632
0.082268
0.385521
0.822966
0.677108
0.176816
0.324602
0.425921
0.068010
0.171718
0.014247
0.825512
1.308565
0.607683
0.654393
0.015313
0.070201
0.094205
0.528599
0.232139
0.346610
0.048789
0.028470
0.180085
0.750603
0.112373
0.103525
0.572810
0.370188
0.205303
0.045907
0.754185
0.335170
0.490673
0.440820
0.130888
1.282365
0.032769
0.814025
0.025771
0.218560
0.891240
0.977311
0.165013
0.383050
0.443650
0.186443
0.548560
0.713473
1.659744
0.019152
0.150550
0.029237
0.048767
0.413268
0.897688
0.174218
0.692065
0.362740
0.849885
0.045078
0.462707
0.453175
0.427452
0.129921
0.100386
0.817358
0.082370
0.140742
0.469115
0.112900
0.457451
0.290320
0.031206
1.062380
1.857350
0.523112
0.106470
0.513341
0.262714
0.084578
0.568760
0.552355
0.119395
0.739897
0.131417
0.023732
0.034421
1.970965
0.413069
1.076219
0.034568
0.090699
0.326774
0.512880
0.251034
0.541918
0.295718
0.395500
1.187803
0.028363
0.690615
0.353102
0.342200
0.828355
0.244715
0.318615
0.306220
0.432346
0.059984
1.007465
0.662962
0.786162
0.383250
1.467434
0.415921
0.727275
2.496683
0.498856
0.687349
0.405381
0.361883
0.840692
0.638947
2.637407
0.303815
0.061705
0.534409
1.160515
0.543402
0.414630
1.572993
0.265037
0.036346
0.301272
0.124662
0.305449
1.287379
0.567605
0.018309
0.018788
0.394076
0.735705
0.883972
0.042060
0.631615
0.250495
0.939227
0.619762
0.012837
0.451019
0.154595
0.388727
0.262244
2.184453
0.383188
0.995719
0.054592
0.106530
0.724785
0.726519
0.704310
0.640614
0.097752
0.873296
0.096118
0.253958
0.166179
0.051967
0.040007
0.191895
0.072856
0.486712
0.046675
1.674923
0.606829
0.820942
0.222347
0.399326
0.363727
0.242520
0.077931
0.763517
1.293485
0.402000
0.735177
0.308147
0.268898
1.034112
0.527705
0.100015
0.510452
0.261677
1.169617
0.849984
0.132701
0.040869
0.121394
0.362704
0.097522
0.172980
0.899691
0.187561
1.230626
1.286694
0.162661
0.480596
0.654867
0.506242
0.091738
0.141826
0.010618
0.186948
0.015123
1.457207
0.999085
0.804590
0.260289
0.164518
0.559721
0.029755
0.309648
0.187907
0.312971
0.227282
0.069964
0.599237
0.293279
0.212433
0.120538
0.485059
0.508887
0.025025
1.357209
0.402905
1.797527
0.118787
0.093669
0.606421
0.942417
0.206597
1.494085
1.016881
0.525509
1.941542
0.843489
0.361633
0.755614
0.124708
0.792903
0.301561
0.163224
0.148459
0.726578
0.680822
0.486655
1.135296
0.291794
0.034102
0.139124
0.534030
0.580605
1.066392
0.610632
0.484647
0.285259
0.566111
0.892225
0.465200
0.239286
0.570118
1.441833
0.200204
0.398603
0.451304
0.185073
0.226543
0.057887
0.046456
0.439835
1.174531
0.390036
0.996075
0.088032
0.183937
0.467430
0.765326
0.114420
0.025365
0.947017
0.296593
0.611732
0.384398
0.199440
0.264608
0.085441
0.721318
0.046396
2.263612
0.230463
0.316449
0.553492
0.187981
0.801984
0.123500
1.192222
0.057295
0.437569
0.008667
0.109698
0.092128
1.273764
0.670896
0.016197
0.043412
0.023765
0.509762
1.007825
0.144483
0.583498
0.629923
0.599325
0.250842
0.145666
0.013854
0.818465
0.263656
0.782767
1.122350
0.254580
0.087370
0.225485
0.035450
0.320937
0.088305
0.169351
0.240273
0.157467
1.022043
0.254363
0.314766
0.019775
0.193172
0.115199
0.036636
0.258442
0.145310
0.618740
0.157623
0.349747
0.254235
2.159723
0.112549
0.787699
0.136840
0.129962
0.456272
0.523820
0.010057
0.339168
0.024719
0.099370
0.967340
0.062034
0.530560
0.008788
0.258746
0.018066
0.169548
0.160439
0.284780
0.702728
0.187904
0.702614
1.616067
0.242187
0.086174
0.119590
0.049250
0.279923
0.629198
0.339020
0.268410
1.247190
0.168061
0.531845
0.079112
1.076918
0.181243
0.090914
0.236204
0.217157
0.212701
0.132002
0.316470
0.000213
0.143477
1.031617
0.018286
0.385057
0.079759
0.317569
0.172503
0.308751
0.127334
0.145384
0.930968
0.241556
0.312780
1.393807
0.835238
0.099792
0.281780
0.128892
0.051782
0.629891
1.068785
0.140335
0.458453
0.102968
0.264646
1.880658
0.386534
0.708317
0.117088
0.003702
0.709194
0.306457
1.061524
0.789473
2.676902
0.014086
0.153225
0.169175
0.335194
0.335469
0.387575
0.202571
1.027513
0.002207
0.158418
0.575615
0.102487
0.605953
1.209509
0.166837
0.271205
0.787639
0.375850
0.009541
1.935544
1.401845
2.718548
0.364459
0.596821
0.114345
0.372163
0.303284
0.543326
0.259832
0.142901
0.536363
0.283749
0.359267
1.450026
1.272633
0.000653
0.331158
0.146961
1.032633
0.335446
0.373502
0.407057
0.560552
0.129765
0.315517
1.582582
0.520986
0.151235
0.332988
0.548520
0.137332
0.277252
0.542045
0.708877
0.065355
1.005762
0.166122
0.430556
0.376312
0.582324
0.874053
0.103387
0.064500
0.206570
0.070653
0.021753
0.207557
0.478714
0.176370
0.119732
0.055393
0.867091
0.734661
0.754681
0.026722
0.135824
0.667310
0.600793
0.345461
0.126138
0.227400
0.671732
0.522933
0.013797
0.343386
0.737322
1.119482
0.755908
0.214199
0.274352
0.315047
0.095789
0.469650
0.443954
0.359514
0.675222
0.498558
0.956996
0.220802
1.317618
0.033850
0.309822
0.696666
0.902053
0.137754
0.814298
0.038039
1.898338
0.349661
0.424483
0.111900
1.014389
0.186404
0.945692
1.130336
0.825143
0.484156
0.778306
0.442755
1.732461
0.118782
0.028261
0.077199
0.858933
0.515625
0.533329
0.412113
0.160445
0.354997
1.253094
0.113322
0.426438
0.239248
1.545553
0.263131
0.485240
0.710119
0.329322
0.456465
0.151514
0.028068
0.802669
0.069588
0.227689
0.522511
0.012990
0.095458
0.156392
0.843148
0.716260
0.135456
0.013300
0.847084
0.239329
0.938005
0.307803
0.018451
0.262315
0.662475
0.393269
0.197743
1.382141
0.063005
0.613677
1.110627
0.374948
0.198772
0.524726
0.005041
1.306499
1.211203
0.033402
0.647065
0.021046
0.281423
0.234346
0.034601
0.463438
0.514691
1.067090
0.227463
1.060503
1.192478
0.100295
0.150873
0.702651
0.512829
0.175988
0.088925
0.235500
0.920322
0.336261
0.187421
1.605439
0.109397
0.114159
0.333997
0.371741
0.962071
0.343876
0.300038
0.724705
0.412673
0.097457
0.821262
2.435283
0.400671
1.033249
0.453842
0.107864
0.703309
1.635710
0.038514
0.543742
0.077626
0.203691
0.270336
0.769116
0.498905
0.434437
0.087690
0.319897
0.036369
0.320718
0.283061
0.155079
0.565970
1.260004
0.783223
0.379208
0.269644
0.138829
0.176116
1.925776
0.271966
0.054568
1.771684
1.767016
1.881019
0.419233
0.090077
0.657999
0.377165
0.136557
0.251041
0.559624
0.426194
0.836652
0.306904
0.114655
0.249572
0.483236
0.565852
0.310978
0.048829
0.058151
0.654251
0.736219
0.014887
0.368017
0.179930
0.295450
0.720765
0.457034
0.276627
0.101042
0.606174
0.252098
0.083492
0.568571
1.657081
0.191836
0.264715
0.339928
0.407815
0.819406
0.091231
0.070346
0.481381
0.491080
0.204858
0.005588
0.140569
0.006886
0.321436
0.206333
0.065894
0.114075
0.057566
0.082914
0.645465
0.264646
0.456870
0.335125
0.005069
0.012097
0.556446
0.623422
0.272288
0.871997
0.248671
0.241887
0.077640
0.812059
1.047205
0.604433
0.469146
0.022311
0.894008
0.128652
0.553030
0.092484
0.135892
1.227960
0.100782
0.622747
0.145399
0.182656
1.239641
0.223991
0.307009
0.512470
0.739340
0.029772
0.069402
0.761972
0.042621
0.807212
0.341340
0.348198
0.491982
1.088389
1.082146
0.734835
0.584799
0.717797
0.318821
0.177062
0.819092
0.181326
0.372304
0.321995
0.320316
0.719976
0.246348
0.532960
0.322428
0.512713
1.629974
0.248345
0.001222
0.272741
0.016593
0.744721
0.325278
0.088513
0.406698
0.410437
1.651633
0.026378
0.031776
0.445081
1.390171
1.466319
0.222682
0.493747
0.616820
0.888551
1.299845
0.361223
0.072538
0.299631
2.266165
0.468354
0.120300
0.237623
0.153040
0.584152
0.009910
0.127628
0.041998
0.011156
0.518834
0.060071
0.796206
0.066174
0.161101
0.217871
0.575876
0.136354
0.259265
0.684212
0.880411
0.209722
0.589211
0.103823
1.754590
0.256251
0.009275
1.130635
1.235160
0.083276
0.212756
1.175293
0.716704
0.410956
0.166308
0.012750
0.143518
0.180183
0.144148
0.200299
0.196257
1.132553
0.292853
0.064604
0.010175
0.634230
0.321630
0.608804
1.578194
1.056103
0.298514
0.769763
0.125268
0.076454
1.806389
0.106408
0.391313
2.378081
0.045771
0.306465
0.078223
0.284618
0.225434
1.183980
2.597155
0.519060
1.340510
0.139836
1.482683
0.100427
0.426715
0.159484
0.040686
0.008744
0.250693
0.051733
0.666038
1.015263
0.810645
0.591255
0.688692
0.145117
0.326011
1.743043
0.250192
0.300769
0.087817
1.378351
0.292984
0.142877
0.251047
0.443677
0.573788
0.708714
0.341188
0.565124
0.258374
0.277643
1.269246
0.216934
0.468323
0.341661
0.490552
0.579513
0.359129
0.009801
0.767402
0.142822
1.095278
0.441983
1.423326
0.505174
0.912462
0.273201
0.464799
0.132291
1.031795
0.726992
0.092546
0.190218
0.007514
0.414724
1.175326
0.597853
0.193842
0.254811
0.234647
0.645340
0.872542
0.175184
0.040019
0.284076
0.781836
0.605366
0.063711
0.180509
0.639048
1.172430
0.400927
0.470264
0.337652
0.340081
0.140841
0.200066
1.229242
0.951146
0.413043
0.774261
0.480038
0.656918
0.054837
0.499905
0.174724
0.004302
0.199911
0.478942
0.261994
0.608895
0.208677
0.132774
4.035468
0.270755
0.549272
0.781090
0.064003
0.771547
0.049002
0.921266
0.586270
0.517618
0.299976
0.100091
0.074437
0.596432
0.357887
0.027100
0.396398
0.038131
0.916903
0.089897
0.816457
1.441833
0.796313
0.052438
1.524970
0.067435
0.629142
0.223522
0.886822
0.029382
0.450330
0.885902
0.322371
0.150784
0.484181
0.452370
0.023873
0.625271
0.287182
0.667884
0.221979
1.095074
1.253346
0.343414
0.439435
0.280752
0.398796
0.070880
0.349660
0.246971
0.176006
0.183880
0.203124
0.048993
0.261516
0.168781
0.123916
0.065703
0.520610
0.025539
0.099354
0.137663
1.059170
0.532703
0.347592
0.346638
0.144352
0.396640
0.120218
0.581901
0.167516
0.424576
0.428779
0.113543
0.035776
0.087505
0.500920
0.482007
0.173166
0.073018
0.004230
0.445130
0.293125
0.209487
0.574094
0.951468
0.495469
1.162913
1.825000
0.161308
1.519236
0.083748
0.363273
0.891482
0.829397
0.008797
0.201678
0.031149
0.416299
0.394433
0.689363
0.947785
0.062704
0.195710
0.027183
0.103460
0.331265
0.578723
0.818807
0.750687
0.861822
0.840954
0.228348
0.154062
0.084956
0.025339
0.061675
0.768634
1.515298
0.047185
0.031353
1.170690
0.140038
0.430433
0.665271
0.027706
0.451496
0.034992
0.060690
0.087014
0.474965
0.991713
0.004770
0.656698
0.103086
0.032221
1.250583
0.555486
0.689404
0.642894
0.297047
0.421644
0.385607
0.842524
0.900546
0.591774
0.997478
1.507220
0.325851
0.845578
0.020922
0.387855
0.635589
0.167914
0.062117
0.303636
0.207121
0.621481
0.369864
0.302075
1.024742
0.073084
0.189799
1.063027
1.009015
0.348749
1.433250
0.768776
0.094934
0.587569
0.355310
0.484937
0.151181
0.023656
0.285849
0.050359
0.673573
0.177919
0.023933
0.123501
0.061145
0.045904
0.710409
0.899715
0.233383
1.040965
0.171085
0.622626
0.441890
0.837064
0.090517
0.306227
1.483246
0.328366
0.206754
0.845322
2.056092
0.165487
0.459012
0.085133
1.805960
0.057904
0.751256
0.133241
0.084543
0.119677
0.200046
1.129678
0.359005
0.236187
0.060769
0.493607
0.311996
1.031497
0.309942
0.907529
0.689635
0.696690
0.398480
0.203999
0.415393
0.627451
0.787521
0.359551
0.109298
0.070595
0.199053
0.099214
0.266750
1.323259
0.205144
0.244248
0.019607
0.060503
0.484295
0.107848
0.197882
1.499103
0.046937
0.913526
0.197711
0.114106
0.314148
0.782238
0.040048
1.318979
0.494396
0.872085
0.570121
0.097568
0.087314
0.140222
1.113616
1.531272
0.708092
0.046347
0.044365
0.044837
0.156335
0.344935
0.007493
0.464498
1.080588
0.027402
0.634737
0.351793
0.142077
0.023470
0.303775
0.205453
1.081274
0.761445
0.389348
0.216522
0.425160
0.481126
0.164225
0.112007
0.292755
1.612180
0.237386
0.462424
0.114562
0.157456
0.406686
1.636833
0.222109
0.512978
0.024545
0.493333
0.075356
0.032417
0.132134
0.012513
0.061710
1.510550
0.377413
0.225851
2.922864
2.107354
0.602666
1.068858
0.728665
0.138143
0.132989
0.207655
0.980817
0.360264
0.388874
0.180162
0.320964
1.253782
1.182008
0.567369
0.104547
0.310504
0.511696
0.396323
0.054988
0.583227
0.095905
0.139890
0.695770
0.261085
0.156510
1.010268
0.221599
0.801412
0.131249
0.219352
0.765998
1.338854
0.135383
0.400409
0.094784
0.318145
1.107760
0.016290
2.075533
0.282345
0.203687
0.306222
0.215389
0.137589
0.073363
0.386829
0.607282
0.750506
0.044980
0.823325
0.313330
0.150937
0.026360
0.122269
0.550312
0.192920
0.044061
0.012842
0.063231
0.189330
0.239409
1.164922
0.141514
0.480761
0.302319
0.271661
0.046298
0.211279
0.300046
0.037734
0.748266
0.770524
0.378220
0.067390
0.013381
0.550009
0.546468
0.653866
0.293701
0.694752
0.384877
1.203177
0.005717
0.443643
0.067790
0.567699
1.194879
0.118584
0.608804
0.013758
0.373657
0.044169
1.328419
0.741104
0.605730
0.241896
0.106627
0.781934
0.651325
0.515414
0.995223
0.350876
0.280299
0.250463
0.497634
0.303979
0.031558
0.174882
0.102348
0.351999
0.023518
0.640028
0.268288
0.029512
0.185681
0.390491
0.665945
0.123305
0.699557
0.289985
0.140980
0.163938
0.371834
0.096505
0.026918
0.128654
0.409451
0.140162
0.008851
0.169329
1.093511
1.063944
0.784046
0.190543
0.160752
0.274033
0.740126
0.204818
0.631293
1.579425
0.921014
0.719900
0.568943
0.148366
0.858348
2.288306
0.801730
0.406374
0.116764
0.401465
2.820126
0.302532
0.890508
0.368112
0.496433
1.076846
0.689067
0.104479
0.068716
0.725145
0.322984
0.008144
0.519807
0.155579
0.202511
1.271384
0.584521
0.055721
0.148839
0.260787
0.032527
0.052105
0.092827
0.678342
0.219812
2.291718
0.658752
0.083927
0.394987
1.410568
0.612952
0.391089
0.250786
0.386139
0.032895
0.012100
0.274078
0.834658
0.119433
0.399690
0.430335
0.582897
0.417987
0.126499
1.558692
1.149224
0.078258
0.517907
0.002528
0.257369
0.026425
0.035225
0.347882
0.124818
0.831714
0.972553
0.118302
0.391217
0.005809
0.707018
0.330021
0.633027
0.177931
1.050202
0.147923
0.225574
1.158860
0.566733
0.096021
0.060509
0.129694
0.696860
0.810521
0.792433
1.852108
0.709480
0.593083
0.064066
0.258001
0.601408
0.369706
0.303094
0.729815
0.012101
0.562720
0.431600
1.064062
1.086599
0.064428
1.115085
0.515047
0.463258
0.471507
1.427622
0.328564
1.007376
0.182326
0.241576
0.393433
0.327242
0.343728
0.741860
0.132074
0.177948
0.419934
0.116294
0.029604
0.152477
0.198587
0.308636
1.641639
0.949856
1.233495
0.654987
1.036928
0.446593
0.184347
0.703738
0.323932
0.280412
0.521678
0.063840
0.016949
0.149390
0.032175
0.361796
0.066722
0.229342
1.142161
0.553808
0.942513
0.251514
0.292471
0.041862
0.593324
0.005578
0.169722
0.697659
0.160059
0.478058
0.119657
0.134876
0.313685
0.068478
1.699655
0.207989
0.634065
0.160769
0.050211
0.108755
0.609083
0.679874
0.189420
0.668863
0.000776
0.237141
0.145544
0.067609
0.684332
0.081676
0.795135
0.450366
0.394841
0.136555
0.560494
0.137724
0.143898
1.633467
2.481960
0.371191
0.430776
0.115239
0.714500
0.022237
0.203111
0.649243
0.242096
0.026954
0.001012
0.326339
0.142484
0.612512
0.125916
0.414263
0.293321
0.126915
1.414901
0.595954
0.215893
0.580024
0.938875
0.079369
0.164430
0.249677
0.243694
1.542819
0.502351
0.505103
1.239518
0.492901
0.087104
0.340284
0.894004
1.264924
0.385198
0.091088
0.521188
1.268998
0.123607
0.524063
0.255684
0.314606
0.219761
0.487689
0.015382
0.803379
0.939073
1.774924
0.342413
0.110185
0.536179
0.209951
0.211223
1.390765
0.665838
0.655277
1.114461
0.230868
0.228000
0.826516
2.852702
0.373340
0.179913
0.884155
0.295649
0.914331
2.751318
0.049234
0.714282
0.121004
0.679694
0.087577
0.572756
0.052035
0.765368
0.622804
1.142870
0.498141
0.575224
0.250539
0.881667
0.208747
0.667823
0.095027
0.163809
0.320256
1.168668
0.094200
0.925083
0.157082
1.962256
0.914610
0.793995
0.165956
0.552577
0.138573
0.064953
0.546460
0.204610
1.069252
1.058943
0.041155
0.021893
0.412372
0.097918
0.875689
0.160025
0.039605
0.305521
1.577863
0.317700
0.168256
0.177408
0.116148
0.307010
0.431445
0.570133
0.224900
0.692698
0.370177
0.499627
0.654711
0.225113
0.278880
0.006276
0.015929
0.553674
0.072106
0.595561
0.002706
0.008301
0.428816
0.044095
0.030569
0.073953
0.152085
1.084778
0.264983
0.206561
0.210026
0.230040
0.826943
0.495414
0.550505
0.008056
0.045816
0.140866
0.595774
0.298741
2.679981
0.123785
0.042588
0.646079
0.435922
0.355818
0.669317
0.474894
0.098449
1.028221
0.185022
0.101746
1.097116
1.081982
0.156354
1.476932
0.011439
0.378364
0.896782
0.284575
1.017115
0.097169
0.811668
0.566468
0.818280
0.317651
0.591917
1.117049
0.628948
0.247268
0.209819
0.620746
0.470101
0.276141
0.286679
0.106146
1.355466
0.095681
0.815965
0.059533
0.023681
0.060375
0.175755
1.365255
3.395393
0.416102
1.071408
0.010864
0.050303
0.629937
0.303932
1.675211
1.117141
0.149370
0.514792
0.599133
0.651846
0.205295
0.447257
0.293692
0.648937
1.358366
0.084368
0.204992
0.221798
0.447801
0.374976
0.172515
0.725800
0.201778
0.258800
0.835824
0.295118
0.602696
0.686939
0.294105
0.154171
0.496522
0.313843
0.223963
0.212219
1.273359
0.197246
0.136426
0.099170
1.734029
1.382920
1.195065
0.182328
0.375675
0.217398
0.016495
0.310116
0.354508
0.230059
0.858667
0.052408
1.133620
0.059536
1.002410
0.129684
0.363152
0.565638
0.560836
0.122140
0.276045
0.063318
0.328956
0.027655
0.439882
0.926125
0.255139
0.353401
0.092620
0.508698
0.580282
0.074202
0.428471
0.452024
0.293027
0.054803
1.475153
0.323068
0.417348
0.303988
0.931277
0.244246
0.404907
0.675708
0.345280
0.272687
1.746458
0.007563
0.051433
0.516206
0.131816
0.369081
0.719422
0.625554
0.428794
0.213792
0.407013
1.854285
0.964474
0.647357
0.475897
0.389777
0.997332
0.105048
0.073359
0.183667
0.173580
0.043945
0.764747
0.980564
0.387924
0.494537
0.141015
0.049770
0.230388
0.682177
0.361927
0.206845
0.712447
0.474502
2.026995
2.367082
0.072444
0.684120
0.610429
0.620142
0.049007
0.151873
0.579477
1.478853
2.210407
0.178436
0.336135
0.954988
0.336312
0.491634
0.086783
0.763789
0.619027
1.429661
0.513946
0.143667
0.422883
1.094581
0.211167
1.406516
0.500439
0.981649
0.163399
0.248716
0.319783
0.151512
0.241540
0.467431
0.003444
0.046136
0.191406
0.052806
0.215465
0.002126
0.024747
0.206298
0.181477
0.385814
0.105352
0.789974
0.089357
0.214872
0.430137
1.034573
0.172667
0.123714
0.065878
0.993115
0.056687
0.315490
0.811681
0.672819
0.198403
0.042527
0.070515
0.804754
0.210001
0.361449
0.261596
0.215252
0.461657
0.646279
0.298959
1.527682
0.654068
0.344910
0.171925
0.017326
0.018370
0.327879
0.880340
0.111402
0.886791
0.259619
0.038135
0.065221
0.489374
0.109626
2.102556
0.657269
0.546529
0.775222
0.318410
2.436229
1.017743
0.461362
0.785974
0.119343
0.062340
0.111406
0.412946
0.636520
1.296246
0.006138
0.558768
0.531878
0.357221
1.660456
0.583823
0.395500
0.294242
0.363842
0.685875
0.160866
1.275518
0.856766
0.253251
0.395069
0.008396
0.241023
0.162602
0.572006
0.093362
0.690451
0.560133
0.020260
0.216325
0.313836
0.145208
0.315964
0.548158
0.841553
0.104408
0.447102
0.875515
0.987974
0.141122
0.205445
0.872201
1.365238
1.075140
0.157412
0.300544
0.496971
0.393938
0.234030
0.298607
1.428770
1.262881
0.313969
0.196574
0.110088
0.079950
0.341994
1.461901
0.861801
0.382977
0.176544
0.169659
0.773602
0.726043
1.535716
0.459851
1.543634
0.393413
0.279104
0.845714
0.781809
0.723461
0.512209
0.646283
0.522424
1.209989
0.097533
0.162962
0.304648
0.400371
0.650605
0.254461
0.318390
0.107902
0.643547
0.552259
0.209182
0.123799
0.477127
0.089237
0.702100
1.217400
0.300010
0.390000
0.567073
0.259467
0.077133
0.500757
1.493459
0.422827
0.297485
0.673884
0.204307
0.046834
0.313319
2.057811
0.000246
0.514778
0.151787
0.305100
0.107736
2.284034
0.967634
0.546583
0.101504
0.433206
0.202839
0.372858
0.801900
1.481885
0.584079
0.402940
0.985781
0.075563
0.049855
0.387248
0.393844
0.135810
0.094214
0.341264
0.826641
0.484004
0.133837
0.077748
0.618207
0.602749
0.068307
0.619054
0.210258
0.246753
0.091256
0.385156
0.238324
0.011348
0.112809
0.413760
0.460630
0.383346
0.046317
0.256123
0.330659
0.751491
1.541270
0.211247
1.249264
0.025151
1.075591
0.310785
0.169076
0.028494
1.579847
0.050183
0.562820
0.106847
0.136891
0.243174
1.116815
0.228796
0.050021
0.134694
0.706755
0.151923
0.742031
0.073005
0.167363
1.849714
0.599857
1.087746
0.357405
0.773685
0.169347
2.605532
0.415891
0.138178
0.207102
0.329393
0.171607
0.126021
1.454046
0.430698
0.162991
1.166427
0.558777
1.536706
0.050123
1.217616
0.206902
2.221806
0.163986
0.284641
0.127059
0.018503
0.595518
3.034198
0.094480
1.970194
1.804987
1.023585
1.008730
0.330497
0.536609
0.083799
0.325242
0.126042
0.251895
0.850066
0.610969
0.579623
0.020478
0.526000
0.153063
0.191590
0.403430
1.379353
0.158759
0.523668
0.945400
0.471979
0.507193
0.068865
0.023013
0.989437
0.090159
0.675614
0.981133
0.205623
0.639415
0.893111
0.116645
0.444148
0.189950
1.005593
0.679244
0.790613
0.046601
0.074664
0.472883
0.790746
0.871461
0.527411
0.294478
0.046440
1.754198
3.378334
0.012825
0.138603
0.522013
1.037217
0.958718
0.167975
0.001522
1.141393
0.079566
0.091982
0.509547
0.003299
0.351812
0.223703
0.913127
0.624637
1.491499
0.084242
0.433105
0.589331
1.491232
0.551985
0.889000
0.411571
0.310674
0.533580
0.119570
1.192296
0.682684
0.100906
1.186023
0.734918
0.276564
0.404476
0.516988
0.162774
0.916342
0.521279
0.096713
2.176525
0.845005
0.843558
2.534313
0.193341
0.096588
0.893963
0.017286
0.066778
2.201040
0.475231
0.850042
1.382949
0.165563
0.522568
0.344608
0.682590
0.181470
0.620191
0.528551
0.025165
1.119699
0.409638
0.854966
0.191605
0.060477
0.311374
0.453416
1.538924
0.058817
0.739355
1.415738
1.304975
0.442173
1.365019
0.141948
0.719170
0.729382
0.165041
1.093294
0.703707
1.124866
0.610445
0.589323
0.097071
0.218005
0.105568
1.269938
0.536123
1.156630
0.426262
0.613529
0.791250
0.071307
0.373240
0.059881
0.141737
2.278163
0.617332
0.112059
0.052946
0.328057
0.076490
0.013655
0.035293
0.039866
0.160168
0.888428
0.929311
0.405099
0.633868
0.457318
0.298739
0.275446
0.172403
0.492099
0.750187
0.328869
0.396356
0.285212
0.241475
0.064512
0.076319
0.097751
0.146488
0.550600
0.171560
0.347371
0.535052
3.816059
0.604619
0.708390
0.327590
0.927122
0.767274
0.397926
1.263270
0.030163
0.238723
0.722338
0.475664
0.051663
0.225897
0.032843
0.368791
0.532333
0.585326
0.177398
0.073749
0.135393
0.660999
0.367167
0.221792
1.039552
0.598256
0.473667
0.390973
2.219875
0.059968
0.111267
2.199748
0.842616
1.573499
0.315902
0.536512
0.676364
0.008660
0.431484
0.804738
0.252758
0.209480
0.267030
0.341571
0.611722
0.324426
0.008422
0.223880
0.091475
0.189451
0.344654
0.259101
0.025008
0.009210
0.719166
1.286823
0.629400
0.234925
0.313894
0.609046
0.334644
0.547920
0.588702
0.180145
0.487438
0.087350
1.616394
0.226456
0.097680
0.386794
0.089703
0.426973
1.063958
0.431391
0.035878
0.441790
0.028480
0.044932
1.474820
0.125873
0.256524
0.295041
0.493045
0.299025
0.311783
0.246857
0.234091
0.099210
0.723123
0.916569
1.077866
0.145493
0.352438
0.429134
0.404840
0.068822
0.666652
0.362373
0.339442
1.225876
0.027860
0.535088
0.334838
1.367544
0.133983
0.407508
0.368875
0.171551
0.515447
0.316923
0.359737
0.022836
1.233560
0.075388
0.341362
0.238326
0.377089
1.014838
0.409488
0.174177
0.616720
0.292863
0.395518
0.120744
0.009797
0.053584
0.210137
0.704880
0.480091
0.903793
0.553810
0.556417
0.339624
0.085858
0.466319
0.651101
0.627895
0.068653
0.009338
0.221943
0.455340
0.379103
0.258007
0.359664
0.556537
1.140739
1.113099
0.112232
0.727263
0.299991
0.341803
0.322369
1.124415
0.021366
0.585175
1.226009
0.077425
0.016713
0.553845
0.714879
1.015610
0.207254
0.282823
0.224573
0.343698
0.019626
0.047097
0.119297
0.091234
0.057367
0.422830
0.723103
0.510672
1.821604
0.162490
0.186505
1.026686
0.092876
0.359128
0.508314
0.484713
0.003817
0.060173
0.361985
0.025350
0.812603
0.280233
0.107149
0.903954
0.051978
1.534428
0.610098
0.288189
0.243500
0.034490
1.368117
0.275845
0.085127
0.079762
0.446792
0.153905
0.633239
0.219525
1.176071
0.588843
0.500938
0.121786
0.414722
0.810579
0.652035
0.112758
0.274982
0.666243
0.189375
1.391975
0.769993
0.063015
0.228850
1.920052
1.544080
0.313678
1.344377
0.538291
1.172059
0.191045
0.647124
0.913966
0.676607
1.070425
2.160201
0.202037
0.079727
0.610192
0.581987
0.026819
0.252830
0.193248
0.156262
1.617000
0.065566
2.900790
0.088664
0.394749
0.660547
0.324832
0.330953
0.365708
0.453405
0.953235
0.343862
0.399925
0.190919
0.280460
0.117764
0.125169
0.686951
1.372424
0.031319
0.335179
0.852388
0.024292
0.859849
1.684517
0.697780
0.355286
0.008981
0.080788
0.883642
0.168579
0.058154
1.519333
0.166466
0.158929
0.344606
0.008237
0.693292
2.013199
0.382979
0.212524
0.896553
0.016465
1.135864
0.081820
0.309678
0.056423
0.232938
0.116970
0.021691
0.283814
0.597120
0.985350
0.327496
0.364849
0.874977
0.132543
0.013471
0.929014
0.240680
0.968229
0.069760
0.338495
0.824837
0.266711
0.722281
0.182581
0.280836
0.361003
0.169893
1.674150
0.984792
0.064846
2.947858
0.708070
0.159130
0.307129
0.997783
0.517821
0.550631
1.184988
0.040677
0.226762
0.728697
0.409001
1.070916
0.449933
0.784021
1.199233
0.287590
0.095341
0.723934
0.419226
0.547501
0.425271
1.982362
0.280719
1.054876
0.264471
1.439727
0.091246
0.235504
0.815637
0.170151
0.233306
0.412393
0.411663
0.891401
0.277332
0.115357
0.345956
0.201922
0.167154
0.997540
0.052352
0.925290
0.686310
0.590104
0.503109
0.533122
0.069735
0.825146
0.272906
0.598336
0.320721
2.513818
0.567890
1.166928
1.028557
0.046936
0.938376
0.019884
0.312957
0.526676
0.198326
0.910399
0.119703
1.096698
0.554236
0.508938
0.049632
0.092755
1.768339
0.237940
0.016942
0.036446
0.125203
0.756779
0.720026
0.968682
0.285974
1.118707
0.545207
0.969682
0.447103
0.073896
0.947395
0.157284
0.020655
0.639758
0.222750
1.091877
0.715259
0.870694
0.386761
0.046193
0.543579
0.696196
1.879848
0.202305
0.247278
0.036933
0.348661
0.223963
0.298797
0.383289
0.282243
0.556430
0.189369
0.108104
0.374646
0.694849
0.045892
0.106115
0.467042
0.567792
0.199204
0.305051
1.484657
0.230289
0.098331
0.184198
0.148168
1.401296
0.071289
0.792563
0.013991
0.794099
0.395488
0.002156
0.068753
1.380376
0.039255
0.497874
0.176772
0.372614
0.090733
0.653099
0.109549
0.328145
1.285785
0.643778
0.132033
0.005673
1.234189
0.913582
0.585669
0.139784
0.175371
0.509037
0.474627
0.321576
1.467479
1.017936
0.266974
0.041554
0.546084
0.291079
1.041541
0.118564
0.294945
0.001966
0.080005
0.368152
0.503214
0.294997
0.023805
0.805796
0.096078
0.139361
0.165405
0.051795
1.710285
0.360501
0.058092
1.071016
0.217601
0.804060
0.067609
0.523058
0.288524
0.672470
0.065663
0.243321
0.469368
0.384779
0.312801
0.159682
1.910424
0.208148
0.331307
0.275565
0.211132
0.500330
1.448591
1.929631
0.040623
2.373089
0.755582
0.145747
0.133656
0.031473
0.216361
0.112743
0.427527
0.308971
0.044118
1.312812
0.151015
0.118450
0.429372
0.600538
1.501623
0.600944
0.044111
0.409641
0.134696
0.398702
0.893809
0.120556
1.103719
0.190733
0.507985
0.133585
1.492923
0.437060
0.120001
0.013961
0.426759
2.461324
0.164522
0.826829
0.027611
0.499359
0.005289
0.495056
0.048584
0.049899
0.406044
0.217921
0.182576
0.070999
0.026916
0.148047
0.891152
0.073585
0.845149
0.035161
0.579747
0.522313
0.165750
0.429451
1.680752
1.263506
0.832555
1.231496
0.349455
0.012250
1.426734
0.040041
0.008534
0.125994
1.084074
0.036634
0.963424
1.132326
0.600511
1.468632
2.361583
0.147309
0.178530
0.176215
0.245152
0.217456
0.402940
0.123788
0.336212
0.230098
0.169288
0.096723
0.008582
0.421252
0.697686
2.018067
0.336155
0.414013
1.137264
2.436212
0.442508
0.914763
0.035912
0.463443
0.032139
1.549604
0.561756
1.242349
0.952069
0.234185
0.996224
0.923093
0.495994
0.089508
0.074937
0.008431
0.363441
0.589622
0.134614
0.003067
0.031645
0.370378
0.100448
0.040793
0.048595
1.361031
0.031300
0.436243
0.343931
1.583091
0.427167
0.044220
0.798128
0.516044
0.583754
0.981637
0.456464
0.226060
0.748616
0.298648
0.669134
0.510673
0.172560
0.228533
0.814304
0.281980
0.241916
0.193113
0.065930
0.483284
0.197633
0.102202
0.077077
0.355148
0.152728
0.134252
0.292382
0.195703
0.850681
1.407642
0.165455
0.248789
0.012533
0.041189
0.018195
0.625206
1.395809
0.503094
0.040245
0.627509
0.043920
0.843798
0.219112
0.235767
0.100384
0.086354
0.822542
0.416758
0.326002
1.333508
0.102342
0.818659
0.061314
0.198715
0.188439
0.237906
0.414406
0.706859
0.606195
0.239823
0.596805
2.075279
0.741395
0.639401
0.032707
0.827043
0.285680
0.001000
0.292706
0.359313
0.631027
0.374557
0.198462
0.037226
1.167403
0.356179
0.130919
0.619238
0.038978
0.617841
0.511820
0.150613
0.361662
0.705544
0.443421
0.882646
0.072364
0.082130
0.440493
0.907791
0.380152
0.165992
0.861587
0.182262
0.002069
1.080638
0.060635
0.289350
1.089391
0.407464
1.517778
0.462853
0.044167
0.163952
0.562728
2.199680
0.778142
1.181485
0.598481
0.997831
0.477546
0.206702
0.066290
0.069681
0.049759
0.622765
1.596476
0.130338
0.996412
0.393262
0.034528
0.252228
0.877451
1.095646
0.604725
0.889538
0.741512
0.845988
0.157752
0.539214
0.233543
0.125856
0.153004
0.305985
0.348677
1.399382
0.294784
0.172077
0.932083
0.077347
0.084361
0.308276
0.328819
0.163852
0.446146
0.429783
2.391846
0.398403
0.820267
0.966632
0.049253
1.031194
0.144836
1.268425
0.715808
1.530184
0.697346
0.381921
0.732613
0.011465
0.107834
0.076662
0.140652
0.305891
0.457978
0.687777
0.252696
0.023179
0.019620
0.138342
0.104510
0.107673
0.605169
0.555163
0.320430
0.172788
0.141979
0.312553
0.920752
0.027400
0.192920
1.368456
1.303034
0.423862
0.969370
0.581181
0.371947
0.468509
0.125117
0.173868
0.498311
0.268395
0.286229
1.044047
1.031763
0.018192
0.488255
0.157168
0.042250
0.542144
0.358138
0.157116
0.967566
0.119976
1.408365
0.199311
0.352127
0.103759
0.788850
0.213046
0.137697
0.060333
0.165764
0.091302
0.578039
0.074417
0.962609
0.117875
0.686183
0.039271
0.350325
0.236901
0.337570
1.403390
0.146144
0.226207
1.851095
1.047067
0.502064
0.029005
0.386832
0.078366
0.197270
0.250665
0.221897
0.154765
0.641924
0.997272
0.302211
0.363436
0.118411
0.592636
0.497466
0.339663
0.987503
0.189558
0.498926
0.628328
0.372806
0.237266
0.782549
0.014865
0.703641
0.165537
1.735179
0.004338
0.518886
1.443212
1.083423
0.163831
0.000292
0.275947
0.276223
0.197704
0.853023
0.763611
0.449229
0.389841
0.520341
0.023762
0.029890
0.974748
0.674982
0.582826
0.215927
0.460639
0.001911
2.009388
0.190913
0.376842
0.223025
0.057323
0.408974
0.061107
0.247284
0.374920
0.066012
0.018292
0.319123
0.004591
0.189398
0.319677
0.283948
0.673105
0.802128
0.144976
0.369740
0.248596
0.787878
0.092818
0.288285
0.952502
0.013726
0.098572
0.387677
0.237226
0.759154
0.391835
0.222986
0.051738
0.037708
0.635853
0.115727
0.498895
0.899960
0.454144
0.086501
1.589433
0.500800
0.498000
1.713381
1.478487
0.054356
0.256073
0.582055
1.161255
0.528484
0.118138
0.173884
0.294971
0.238906
0.658224
0.176070
0.261229
1.208673
0.904792
0.767891
0.588438
0.238656
0.078041
0.780474
0.300917
0.998135
2.854503
0.043597
0.600068
0.450049
0.138776
0.535324
0.128207
1.031822
0.490044
0.095703
1.865303
0.012922
0.990260
1.051845
0.566610
0.037599
0.094209
0.065993
0.301014
1.169862
0.272764
0.980347
0.842317
0.148356
0.516345
0.352860
0.505704
0.776680
0.175709
0.046325
0.528672
0.173358
0.094363
0.216523
1.087821
0.267517
0.004361
0.059754
0.169390
0.501749
0.169030
0.152843
0.537817
0.080583
0.076213
0.205432
0.125058
0.187789
0.308620
0.559799
0.122154
1.064459
0.380529
0.015870
0.074121
0.097266
0.385543
0.743765
1.679710
0.897281
0.992275
0.480994
0.067792
0.017578
1.742346
0.006674
0.297916
1.908815
0.067282
0.666389
0.472635
0.266152
3.963370
0.157591
0.412311
0.076003
0.467313
0.763672
0.302682
0.035124
0.304842
0.555664
1.486698
2.269051
0.605533
0.045317
0.090813
0.136962
0.985626
0.070397
0.038122
0.642366
0.691548
0.111699
0.709037
0.633875
0.120057
0.115787
0.596279
0.207277
1.432109
0.184071
0.697395
1.428955
0.431760
0.188231
0.043666
0.102647
0.050797
0.385827
0.146132
0.402689
0.116995
0.113011
0.390866
1.208163
0.170504
0.616313
0.081472
0.081062
0.915684
0.126654
1.031546
0.444587
0.275801
0.498153
0.183753
0.507278
0.908462
0.002052
1.881842
0.758082
0.187040
0.652665
0.641975
1.105472
0.021783
0.821720
0.039519
0.074966
0.211131
0.199809
0.589339
0.402675
0.379348
0.133745
0.311642
0.859266
1.433896
0.476193
1.758897
0.763886
0.909929
0.926631
0.232596
0.151855
0.321259
0.568977
1.148114
0.186627
0.575410
1.044399
0.048232
2.724580
0.464537
0.843741
1.086230
0.521653
0.486036
1.636378
0.773106
1.692757
0.172318
0.326253
0.366161
0.866498
0.625817
2.038101
0.516295
0.535215
0.454669
0.476285
0.290016
0.285607
0.305808
0.835938
0.597153
1.340904
0.338275
0.453725
0.139242
0.096340
0.319910
0.204004
0.093740
0.040439
0.081284
0.029375
0.646230
0.738643
0.009671
0.359081
0.669483
0.186023
2.390540
0.148591
0.071891
0.611367
0.137297
0.752180
0.225269
0.908013
0.248866
0.811856
0.159063
0.947291
0.477179
1.746251
0.759752
0.056345
0.417383
0.012274
0.165522
0.019701
0.222578
0.301454
0.061835
0.355979
0.356511
0.921742
0.164990
0.376443
0.218545
0.009563
0.915270
0.212095
0.161507
1.817137
0.026319
0.362997
0.696030
0.267210
0.218080
0.077468
0.122200
0.491717
2.491663
0.891198
0.452614
0.744337
1.393044
0.088115
0.801176
0.124337
0.111703
0.085901
0.558816
0.190293
0.550064
0.100927
0.086151
1.480503
0.622018
0.359091
1.708331
0.400872
0.976181
0.139338
0.372274
1.200306
0.712251
0.161819
0.195284
0.059875
0.272379
0.388431
0.671297
0.266508
0.232543
0.203521
0.103817
0.185718
0.342547
2.136973
0.377960
0.595640
0.077700
0.113682
0.006394
0.833265
0.244006
0.093757
0.712168
0.051535
0.574969
0.648245
0.524041
0.389794
1.748717
0.095848
0.299594
0.652997
0.299765
0.743767
0.922436
1.023772
0.188602
0.434688
0.167118
0.579409
1.233556
0.318961
2.813361
0.264773
0.305954
0.374141
0.056750
0.460164
0.655020
0.063919
0.266118
0.061845
0.171940
0.094396
0.120579
1.831208
1.144105
0.996346
0.362561
1.013527
0.019429
1.697775
0.454873
0.335736
0.674594
0.289310
0.223137
0.028165
0.010160
0.516563
0.675301
1.368887
0.061490
0.668401
0.212640
0.425958
0.153356
0.302303
0.096195
2.586075
0.426322
0.443032
0.058645
1.000127
0.713072
0.196488
0.913265
0.536938
0.104514
0.219069
0.373903
0.128570
0.193745
0.066177
0.629011
0.031891
0.414251
0.039401
0.061968
0.437830
0.636276
0.974135
0.365631
0.902735
0.451681
1.001656
0.262975
0.979258
0.191966
0.438559
0.959547
1.115297
0.094217
1.661191
0.707830
1.340543
0.170463
0.453496
0.445591
0.324580
1.508246
0.061890
0.609131
0.158912
0.137478
0.272398
0.203278
0.814035
0.342408
0.299485
0.244781
0.121482
0.184159
1.181183
0.026333
1.165997
0.736831
0.308380
0.717386
0.047011
0.022671
0.477373
2.016322
0.121721
0.432589
0.672590
0.079841
1.012143
0.204564
0.668591
0.211886
0.168995
0.961529
0.025480
0.409431
0.049488
0.317178
1.118055
1.141035
1.683984
0.210607
0.167759
0.099983
0.527565
0.105876
0.132338
0.404561
1.631806
0.590217
0.190324
0.026430
0.668152
1.341717
0.017171
1.531569
0.357385
0.741991
0.053150
0.237896
0.057727
0.910884
0.643740
0.251955
0.588992
0.742986
1.549470
0.771677
0.139487
0.942035
0.576425
0.117217
0.106460
1.741684
0.247331
0.927773
0.087255
0.487448
0.254068
0.064987
0.189623
0.627572
0.095198
0.027126
0.520130
0.116047
0.003042
0.085591
1.965989
0.056535
0.383871
0.046844
1.451778
0.150535
0.332055
0.507053
0.017136
0.290063
0.275486
0.162265
0.169980
0.057074
0.332877
0.326945
0.040155
1.045099
0.195496
0.135446
0.345680
0.640062
0.222505
0.842966
0.287204
0.380233
1.010721
0.043651
0.672920
1.034160
0.137832
0.636615
1.969020
0.750004
0.829070
1.299726
0.018771
0.174620
0.413864
0.036575
0.663915
2.155111
0.213603
0.011711
0.049603
0.897237
0.349715
0.094138
0.619149
0.876496
0.262899
0.117373
0.397859
0.730722
0.012124
2.123923
0.178802
1.110466
0.035911
0.020582
0.724285
0.185703
0.714398
0.684439
0.045569
0.421881
0.556295
0.066168
1.000080
0.133452
0.108140
0.457689
0.124758
0.390620
0.487469
0.189362
0.235760
0.067289
0.333623
0.045000
1.525211
1.130704
0.174990
0.347979
0.545166
0.192283
0.333846
1.669745
0.118334
0.406431
0.002443
1.861547
1.007385
0.724674
0.639077
1.536916
0.204125
0.249401
0.040448
0.111493
0.493082
0.158865
0.803491
0.941336
0.841980
0.274344
0.089015
0.105552
0.397267
0.524859
0.161744
0.347444
0.394565
0.423939
0.001138
0.117643
1.107891
0.336067
0.095701
0.053614
0.023438
0.098661
0.040344
1.217737
1.444343
0.802146
1.005705
0.163931
0.106417
1.440398
0.326397
0.853816
0.121744
0.163502
0.549090
0.015474
0.604010
0.884820
0.124733
0.143455
0.326549
0.343743
0.693727
0.012828
0.035662
0.698299
0.133929
1.606581
0.138499
0.263125
0.031709
0.169656
0.443679
0.074812
0.111686
0.380294
1.389798
0.034345
0.836046
0.069428
0.005173
0.172343
1.481651
0.128353
0.422540
0.477093
0.148447
0.158513
0.293925
0.324718
0.368141
1.288833
1.840879
0.158314
1.491683
0.022321
0.012126
0.101892
0.001719
0.154559
0.450142
0.033540
0.403320
0.100327
0.113983
0.700862
0.626604
0.076450
0.857985
0.373864
0.158337
0.887463
0.852195
0.124092
0.029295
0.245996
0.899870
0.188282
0.539819
0.163654
0.783773
0.100074
0.113568
0.726784
0.301460
0.082770
0.830169
0.323847
0.205435
0.839278
0.678668
1.333019
1.052840
0.175701
0.059548
0.042826
0.025714
0.876335
0.126718
1.021412
0.217897
0.341898
0.603392
0.093988
0.627785
0.708891
0.410443
0.398970
0.037111
0.124384
0.882704
0.993805
0.256773
0.016298
0.496104
0.963509
0.102060
0.289167
0.201111
0.368614
0.145527
0.038344
0.300771
0.070069
0.231114
0.415414
0.119667
0.272578
0.247969
0.286988
0.171658
0.681776
1.344282
2.379656
1.236180
0.520797
0.691506
0.322724
0.109609
0.859380
0.595056
0.013037
0.575515
0.051262
0.029772
0.187661
1.516832
0.138827
0.697364
0.166360
0.721967
0.002318
0.220689
0.121697
0.072736
0.649091
0.757856
0.214034
0.079627
0.093978
0.768447
0.287955
1.236085
0.631107
0.280389
0.889559
0.226343
0.098259
0.183208
0.411554
3.520851
0.001301
0.441756
0.574134
0.052703
0.517083
2.729977
0.026649
1.089820
0.688858
0.203932
0.526227
0.698112
0.588474
1.008542
1.093987
0.271291
0.521076
0.134653
0.417326
0.853675
0.010633
0.001894
0.662605
0.669735
0.283713
0.416740
0.053847
0.472643
1.028847
0.543884
0.471518
1.039124
0.143643
0.173625
1.842288
1.123007
0.170624
0.013580
0.759565
0.018832
0.224494
0.282833
0.778977
0.027496
0.177606
0.565501
0.319578
1.461988
1.223111
0.019493
0.723946
1.362256
0.021463
0.345762
0.558038
0.322213
0.033419
0.744794
0.045218
1.381560
0.287741
0.597050
0.835008
0.581206
2.322726
0.772406
0.435478
0.163913
0.839509
0.225137
0.190246
0.096288
0.791312
0.055974
0.129824
0.049104
0.764388
0.603554
0.020317
0.596317
0.671953
0.816749
0.498480
0.759784
0.181161
0.180799
0.148011
0.229904
0.040590
0.209805
0.182282
0.362359
0.020265
0.062361
0.113330
0.015289
1.171210
0.766834
0.185262
0.631770
0.079383
0.491887
1.115213
1.418243
0.658406
0.064596
0.017766
0.362021
0.863360
0.038834
0.118995
0.411979
1.057982
0.925088
0.209657
0.101318
0.079046
0.456562
0.401504
0.126931
1.418748
0.974283
0.673036
1.985569
1.840034
1.428396
0.005663
1.054678
0.648784
0.193486
0.453210
1.034185
1.468665
0.335252
0.843638
0.568165
0.470476
0.948178
0.107970
0.282708
1.292563
0.260443
2.494322
0.815066
0.143039
0.204501
2.191870
0.251283
1.362230
0.387767
0.482773
1.043117
0.252972
0.222335
0.972435
0.232482
0.179418
1.013452
0.144192
0.014362
0.104835
0.937219
1.161007
0.073172
0.204065
0.630980
0.844092
1.448866
0.418262
0.004702
0.236387
0.338047
0.268385
0.230949
0.175131
0.545564
0.611409
0.166352
0.030505
0.510852
0.864560
0.567241
0.362696
0.123989
0.019046
0.233292
0.447590
0.206915
0.137954
0.922557
0.228803
0.281291
0.583260
0.156758
0.417822
0.011972
2.135349
0.240269
1.729065
0.402391
0.247895
0.211743
0.022611
0.820663
0.627903
0.207538
0.317854
0.273014
0.487394
0.377114
0.031349
0.294653
0.116621
0.429765
0.546680
0.140793
1.492875
0.148111
0.438896
0.105740
0.051775
1.513127
0.484950
0.773047
0.124635
0.103687
0.831897
0.115750
0.420630
0.755005
0.712460
1.606246
0.066384
0.814021
0.726261
0.914687
0.077390
0.134895
0.150715
0.726484
0.726401
0.193578
0.118756
1.827216
1.139694
1.045044
0.123934
0.939155
0.071186
0.814406
0.019249
0.131378
0.703944
0.537418
0.009078
1.864233
0.935174
0.881799
0.100831
0.267869
0.467820
1.424523
0.234608
0.658380
0.684791
0.075718
0.423713
1.099941
0.236595
0.891076
0.532553
0.077202
0.082873
1.007655
0.062327
0.025853
0.679426
0.205290
1.139159
1.042712
0.075744
1.369078
0.056482
1.131265
0.450648
0.066656
1.027407
0.289808
1.532879
0.028027
0.964304
0.411681
2.843767
0.130135
0.173394
0.678172
0.230768
0.999496
0.499269
0.686536
0.595779
0.169061
1.102488
0.945209
0.083389
0.003485
1.148218
1.134849
0.210553
0.797095
0.740088
0.331069
0.658827
1.056886
0.239152
0.197406
0.002018
0.145209
0.726389
1.578051
0.183046
0.484753
0.365378
0.180609
0.948182
0.834328
0.023321
0.123956
0.563549
0.565290
1.694299
0.232831
1.662749
0.968939
0.125047
0.062587
0.993652
0.064289
0.007209
0.115724
1.247977
0.772566
0.586994
0.524653
0.548210
0.036841
1.865129
0.554274
0.195103
0.677579
0.493585
0.496645
0.225354
0.078810
1.350163
0.119579
1.577079
1.917257
0.283065
0.501679
0.532892
0.254186
0.002825
0.483250
0.146861
0.128678
0.668267
0.062471
0.213519
0.696276
0.195831
0.154040
0.386394
0.007524
1.232336
0.114210
0.044946
1.108096
1.036422
0.263014
0.501292
0.348119
0.019732
2.747624
0.521166
1.779145
0.116978
0.464048
1.496874
0.512057
0.135936
0.464996
0.020104
0.139647
0.127466
0.174019
0.317995
1.638733
0.264987
0.852288
0.625595
0.664857
0.043484
0.145251
0.693913
3.176216
0.304699
0.905020
1.100168
0.200608
0.140787
0.369391
0.892007
0.167108
0.365111
0.326393
0.147597
0.648779
0.043925
0.115030
0.229186
0.194414
0.832891
0.261364
0.417162
0.018326
0.603700
0.018550
3.178179
0.059620
0.964036
0.622571
0.941454
1.389229
1.665062
0.455945
1.375400
0.272824
0.285100
0.872507
0.695207
0.569706
0.213596
0.437413
1.663422
1.004435
0.032254
0.124043
0.449056
0.079247
0.276885
1.613825
0.316235
0.134710
0.228997
0.017583
0.158841
0.035466
0.036810
0.157650
0.099762
1.298791
2.023653
0.014577
0.995395
1.466304
0.493046
0.803560
0.228860
0.031766
0.490272
0.062953
0.676526
1.797784
0.604272
0.611482
0.911361
0.721623
1.297476
0.282005
1.206270
0.215831
0.248318
0.238321
0.441851
0.711218
0.266952
0.979201
0.878240
0.331468
0.069256
0.004131
0.263995
0.059323
0.018831
0.159843
0.030204
0.545219
0.037986
0.277471
0.646379
0.598750
0.392848
0.314652
0.555252
0.140894
0.094782
0.355677
0.004725
0.051588
1.407523
1.261733
0.297650
0.201377
0.177590
0.017996
0.047374
0.623514
1.123429
1.248977
0.109891
0.011950
1.301680
0.467630
0.072798
1.647572
1.064902
0.107906
0.492911
1.542809
0.483803
0.217206
0.528280
0.089687
0.855713
0.195010
0.263623
2.418695
0.891831
0.271656
0.047212
0.739373
0.206999
0.386860
0.054685
0.507987
0.426727
0.107835
0.215848
0.315864
0.059249
0.396925
0.338581
0.019226
0.084455
0.493675
0.000329
0.018620
0.861725
0.493795
2.347176
0.291303
1.953054
0.515295
0.465404
0.802905
1.693060
0.007829
0.783538
0.800087
0.285213
1.066205
0.422235
0.742975
0.272497
0.560147
0.265228
2.576100
1.011775
0.718281
0.310451
1.945139
0.185644
1.544853
0.008716
0.313278
0.436044
0.009052
0.348704
0.258315
0.518476
0.339601
0.932265
0.490879
0.073197
0.299642
0.276363
0.053983
0.313991
0.121652
1.153704
1.156562
0.051246
0.318097
0.561598
0.364460
0.078042
0.045195
0.358498
0.006202
0.944182
1.831109
2.407159
0.086484
1.321195
0.004606
0.489624
0.357421
0.013742
0.067642
1.227889
0.558249
0.483149
0.711966
0.176857
0.704665
0.117880
0.641048
0.976089
0.564067
1.394454
0.710477
0.430678
0.018294
0.130172
0.145292
0.403155
0.233983
0.206696
0.033755
0.243923
0.103683
0.020205
0.237359
0.212411
1.727526
0.244784
1.762032
0.326142
0.267403
0.051046
0.249901
0.045397
0.630384
0.082781
0.242837
0.319573
0.225190
0.056731
0.200457
0.019879
0.023427
0.046501
0.479063
0.042616
0.191379
1.014608
0.504200
0.588418
0.116066
0.602785
0.040496
0.250798
0.673698
0.304163
0.674597
0.616355
0.925269
0.620787
0.103908
0.148573
0.825453
0.434933
0.210689
0.371891
0.661333
0.652035
2.895391
0.050568
0.903448
0.198181
0.072609
1.066889
0.268966
0.696268
1.652647
0.662257
0.483946
0.456286
0.277402
0.878029
0.177615
0.350201
0.125329
0.019928
1.601425
1.638552
0.688312
0.810253
0.559408
1.368334
0.030548
0.328367
0.363049
0.258023
0.003082
0.143696
0.070609
0.001547
0.212303
1.713824
0.200482
0.328060
0.945727
0.685943
0.132436
0.836880
0.327386
0.958025
0.264638
1.183588
0.569855
0.618863
0.263706
1.160377
0.691210
0.230402
0.997783
0.343185
0.094024
0.385443
0.282653
0.131131
0.009517
1.478456
0.502309
0.012659
0.110201
0.725181
0.014246
0.392386
0.660350
0.221907
0.012616
0.436375
0.055347
0.148942
0.250981
0.440012
0.058506
0.818989
0.338127
0.781547
0.362406
1.158097
0.589337
0.153680
0.157749
0.406390
0.716094
0.291698
0.049233
0.107233
0.558425
0.059746
0.076022
0.183006
0.074034
0.206889
0.037373
0.090591
1.071208
0.817564
0.371308
1.190519
0.244917
0.495668
0.090256
0.761470
0.120493
0.161193
0.442830
0.611457
0.034190
0.054429
0.466948
0.710255
0.229240
1.050049
0.189012
0.069040
0.192504
0.262597
0.194303
2.429787
0.368224
0.310923
0.177447
0.537666
0.809493
0.231632
0.870151
0.576845
0.096699
0.214365
0.448336
0.414045
1.898997
0.707826
0.211596
0.106430
0.016683
1.348596
1.138262
0.052075
0.018201
0.350932
0.973573
0.258342
0.240549
0.094435
0.380151
0.604410
0.434543
0.963700
0.591590
0.053711
0.191012
2.443049
0.714953
0.063589
0.225667
0.439981
0.814698
0.387252
1.358034
0.252113
0.053896
1.212094
0.083181
0.296409
0.054451
0.102943
0.238887
0.000270
0.167726
0.268573
0.351478
0.076753
0.854880
1.089192
0.188737
0.216597
0.443641
1.127252
0.115361
0.165589
2.892595
0.370708
0.160359
0.708574
0.514987
0.507496
0.209881
0.296141
0.097195
0.161940
0.925638
0.163452
0.104197
2.789461
0.647460
0.172157
0.100629
0.055979
0.172539
0.314883
0.368554
0.796572
0.470276
0.208209
0.575201
1.288490
0.589089
0.158533
0.854826
1.142376
0.403315
0.846406
0.273885
0.880166
0.426182
0.033469
0.313312
1.240803
0.358395
0.513988
0.107249
0.218978
1.269897
0.239959
0.216060
0.520924
0.558073
0.380892
0.699419
1.666223
0.000225
0.160530
0.715664
0.470853
0.477537
0.293942
0.381822
0.183635
0.629770
0.217786
0.115070
0.157256
0.092626
0.493545
0.051497
0.678754
0.588968
0.414455
0.538068
0.113933
0.115175
0.955757
0.408692
0.067831
0.132836
1.200011
0.743743
1.181009
0.292103
0.374516
1.020358
0.292507
0.809231
0.498579
0.027196
0.269795
0.039290
0.442123
0.644384
0.784599
1.407374
1.329401
0.031813
0.057809
0.407441
0.086886
0.954877
0.143438
0.641845
0.357669
0.301803
1.320651
0.225584
0.005823
0.028599
0.453698
1.268285
0.884961
0.348775
0.225739
0.220673
0.232816
0.820505
0.086360
0.001670
0.980049
0.428586
0.041097
0.295412
0.178359
1.022791
0.244051
0.130681
1.346620
0.341989
0.773950
0.048173
0.213302
0.018696
0.843259
0.976846
0.336540
0.680447
0.125108
0.348019
0.802629
0.851307
0.274355
0.495529
0.192824
0.770002
2.121848
0.589236
0.448043
0.077901
0.594683
0.299820
0.636325
0.744702
1.137100
0.010071
0.518083
0.166570
0.143800
0.430814
0.754174
0.018978
0.553388
0.067339
0.038411
0.331031
2.075536
0.414839
0.129244
0.115096
0.033740
0.013657
0.011846
0.334285
0.533209
0.210342
0.159538
0.512782
0.018153
1.001295
0.770138
0.656969
0.189903
0.352195
0.352340
0.119844
0.372779
0.081801
0.343043
0.746872
0.651800
0.160917
0.837560
0.253603
0.256401
1.088680
1.068696
0.243422
0.299345
0.058166
0.447088
0.362549
0.073534
0.476566
0.001644
0.786373
1.583516
0.161800
0.284520
2.519960
0.076270
0.123980
0.645067
0.305767
0.645854
0.131006
0.555254
0.144328
0.240164
0.091400
0.013274
0.058192
0.291920
0.912908
0.354325
0.927132
0.646536
0.246926
0.129948
0.096818
0.346123
0.857189
0.588447
0.505732
0.284928
0.593799
0.280042
0.249008
1.779072
0.993050
0.243709
0.059946
0.042986
0.058579
0.422527
0.824034
0.208558
0.137926
0.030039
0.640922
0.262242
0.044147
0.892915
0.949853
1.284724
0.207783
0.591790
0.523478
0.654227
1.279950
0.871594
0.130236
0.678585
0.363666
1.003563
0.097402
0.119034
0.174399
0.421136
0.101278
0.085534
1.551210
0.175733
0.136965
0.033934
1.007988
0.024172
0.261003
0.057079
0.055746
0.069140
0.362860
0.105367
1.628390
0.228177
0.060199
0.179425
0.031060
0.718643
0.015892
2.034853
0.442719
0.150955
0.646456
0.055058
0.067464
1.164128
0.189988
0.272955
0.319144
0.346056
0.431281
0.278316
0.794390
0.850600
0.339109
0.543295
1.000237
1.147061
0.735968
1.757146
0.014352
0.168816
0.087321
2.291879
0.529149
0.159878
0.172165
0.624457
0.018385
0.194738
0.595531
0.488510
0.437555
0.273772
0.650682
0.617913
0.195903
0.022479
0.069683
0.794742
0.392021
0.615521
0.126050
0.207204
0.372797
0.628180
0.000953
0.247375
0.476557
0.740135
0.223540
0.514670
0.030388
0.367765
0.500572
0.622259
0.790968
1.287497
0.276783
0.887527
0.141469
0.064602
0.302655
0.884857
0.391357
0.100406
0.387204
1.008711
0.128024
0.552991
0.543793
0.733404
0.236706
1.084917
0.057486
1.164841
0.459541
0.058555
0.173327
0.121403
1.072518
0.529874
0.977141
1.422817
0.095705
0.337531
0.530402
1.730937
0.267833
0.041108
0.802610
0.541106
0.111655
0.146012
0.337431
0.679280
0.285627
0.015125
0.470768
0.540995
0.600174
0.159375
0.281427
0.039541
0.086431
0.387208
1.924760
0.713269
0.524254
0.158493
1.853270
0.380152
1.295910
0.897196
0.321587
0.052304
0.196259
0.068598
0.035185
0.672321
0.116047
1.009102
0.255848
0.261501
0.064119
1.109557
0.081395
0.405447
1.269730
0.713980
0.122068
0.483794
0.016853
0.520698
0.595427
0.106529
0.102938
0.561578
1.515700
0.902742
1.463179
1.309948
0.229497
1.026008
0.715565
0.924037
1.767594
0.044748
1.764424
0.019785
0.871411
0.097880
1.181720
0.127766
0.439800
0.013305
0.062097
0.664545
0.435897
0.019309
0.342078
0.800780
0.536302
0.376055
0.294805
0.218418
0.637413
0.499186
0.014545
0.557786
0.314736
1.846018
0.457473
0.901535
0.937364
0.223474
0.566086
0.850365
0.295323
0.522529
0.969833
0.158044
0.874691
0.718062
0.343087
0.264809
0.776556
0.475042
0.079177
0.231185
0.526590
0.513523
0.092340
0.184849
0.093506
0.476069
0.543805
1.108600
0.140921
0.588259
0.414322
0.623672
0.549399
0.088859
0.396971
0.360086
0.370375
0.127839
0.200822
1.741331
1.035489
0.103530
0.137402
0.602080
1.489748
0.667383
0.058956
0.668930
0.215447
0.148986
0.057035
0.000623
1.149371
0.161781
0.185751
0.036383
1.105998
1.811196
1.625537
0.073163
0.546709
0.371827
0.944768
0.201479
0.581491
0.252752
0.932136
0.118299
0.486970
0.096654
0.099204
0.342932
0.225338
0.272575
0.109328
0.186971
0.085409
0.183816
0.025424
0.353722
0.416556
0.085620
0.354987
0.312670
0.284416
0.853650
0.382968
0.196027
0.784932
0.342956
0.308516
0.305192
0.010609
0.185036
0.776805
0.616259
0.612282
0.501889
1.257478
0.199137
0.828476
0.052180
0.871104
0.094421
0.366302
0.010749
0.330889
0.564076
0.199415
0.381402
0.101344
1.123108
0.587247
0.588519
0.222458
0.066673
0.357140
1.123214
0.298165
0.180042
0.247634
1.201909
0.711976
0.265164
0.123553
0.396767
0.063934
1.295513
0.099997
0.019976
0.146232
2.330602
0.074403
0.040846
0.088743
0.535898
0.052521
0.520210
0.203215
0.279840
0.099431
0.364328
0.194901
1.025375
0.117389
0.572744
2.786391
0.635962
0.429194
0.294728
0.011169
1.701816
0.219251
0.760095
0.237678
0.426589
0.199557
0.344943
0.345573
0.357033
0.385588
0.698328
0.347470
0.563188
0.888993
0.544613
0.202783
1.334906
0.185689
0.550374
0.222631
0.337216
0.102174
0.573092
0.224642
0.250499
0.226344
0.221674
0.060396
1.408697
0.813513
0.073017
1.187504
0.086276
1.245677
0.167962
0.659181
0.141373
0.765519
0.131609
0.706605
0.193729
2.067650
0.148890
2.906872
0.843765
1.269523
0.200548
0.684736
0.131511
3.057910
0.055523
0.639761
0.100821
0.773829
0.043730
0.429822
0.082047
0.291574
0.586349
0.048022
0.140749
0.875333
3.272500
0.258618
0.680399
0.166957
0.073242
2.294282
0.034983
0.229184
0.686140
0.246160
0.216691
0.002008
0.243723
0.091188
1.295569
0.629782
1.217890
0.085003
0.625907
0.008864
1.052565
1.134708
0.816934
1.633974
0.320576
1.563657
0.258570
0.089434
0.024459
0.523662
2.308890
0.023705
0.027206
0.661508
0.200380
0.104878
0.642775
0.253552
0.406984
0.317414
0.772190
1.196211
0.321209
0.094590
0.039145
0.254619
1.097248
2.202111
0.405275
0.461406
0.002681
0.284189
0.345802
0.830822
0.251654
1.797548
0.726940
0.802845
0.073280
0.841217
0.297442
0.067595
0.984426
0.347907
0.983486
0.105713
0.586479
0.438081
0.443771
0.142147
0.027543
0.234914
0.084829
0.374940
0.396211
0.131560
1.306069
0.286207
0.123670
0.328899
0.019598
0.127105
1.235894
0.385734
0.017629
0.186285
0.356887
0.807181
0.058429
0.519983
0.477336
0.408972
0.741368
0.322602
0.030934
0.501339
0.548331
0.694235
0.122137
0.146750
3.106695
0.157576
0.496100
0.083644
0.799493
0.097092
0.243386
0.644622
0.473803
0.463824
0.115670
0.526013
0.883012
0.065109
0.104396
0.996202
0.283817
0.599732
0.546239
0.391999
0.211696
0.164028
0.053840
0.062874
0.703497
0.088415
0.695687
0.273345
1.218755
1.720901
0.562716
1.207426
0.136111
0.181726
0.033424
0.018443
0.328139
0.298970
0.715091
0.049112
0.028060
1.709656
0.681922
1.075199
0.046805
1.349745
0.687569
0.369592
0.499028
0.265353
0.034097
1.877131
0.587996
0.091965
0.049769
0.295845
0.200301
0.935437
1.011518
0.139001
0.841015
0.391793
0.083219
0.026869
0.941814
0.122942
0.046350
0.199630
0.551376
0.946124
0.274729
0.641179
0.847859
0.091397
0.465931
1.181668
0.052581
0.217994
0.279650
0.656942
0.724480
0.340917
0.615172
0.305022
0.542823
0.811141
1.167978
2.439799
0.522863
0.737079
0.134009
0.310476
0.188631
0.245863
0.361686
0.088503
0.466232
0.462438
0.338056
0.160421
0.301367
1.227559
2.917955
0.156821
0.042348
0.462236
0.096255
0.099853
1.569041
0.462546
1.216659
0.639743
0.051468
0.483875
0.098307
0.713834
0.274623
0.042656
0.698238
0.036919
0.957993
2.196552
0.381512
0.091401
0.235857
0.024927
0.199711
2.022356
0.527851
0.859353
0.148494
0.055320
0.663728
0.146532
0.234169
0.846564
0.973453
0.398223
2.919097
0.840787
0.082777
1.200324
0.383654
0.144103
0.376877
0.626286
0.005290
1.518473
0.794832
0.719969
0.011735
0.523213
0.694540
0.407029
0.846072
0.067774
0.465164
0.078425
0.057845
0.148952
1.688791
0.228007
0.224995
0.603186
0.484083
0.666517
0.363637
0.324571
0.168013
0.360631
0.172250
0.288102
0.275132
0.877707
0.582961
1.524631
0.389784
0.600139
1.174969
0.205793
0.309899
1.314312
2.141931
0.119536
0.331567
0.809962
0.207307
0.047343
1.471138
0.297696
0.213831
1.221640
0.843290
0.619513
0.475756
0.285526
0.295889
0.069987
1.218490
0.658483
0.517089
0.114079
0.093180
0.035042
0.015831
0.977338
0.010249
0.424972
0.407408
1.294566
1.203764
0.009707
0.957768
1.132515
0.131897
0.205869
0.599094
0.423469
0.279171
0.518543
0.010065
0.747635
0.408945
0.900228
0.332908
0.094662
0.157250
1.350064
0.180558
0.100704
0.546598
1.474261
0.244224
0.900545
0.007692
0.270288
0.590895
0.018102
2.310039
0.144208
1.615367
1.151844
0.157202
0.838882
0.795513
0.348222
0.081678
0.341146
0.037857
0.432033
0.075444
0.048722
0.218762
0.599816
1.312939
0.917894
1.024659
0.109993
0.742098
0.095749
0.238930
0.288279
0.064976
0.726886
0.159451
0.073745
0.101609
1.695476
0.094785
0.095609
0.122230
0.071449
0.038526
0.333398
1.462780
1.021812
2.223870
0.051059
0.227053
0.031584
0.562938
0.351640
0.083655
0.015229
0.113912
0.042608
1.022077
0.038934
0.163666
0.516168
0.143303
0.538004
0.042777
0.231855
0.277005
0.219291
0.354824
0.469855
0.193842
0.571075
0.764636
0.386362
0.841070
0.974083
0.012606
0.714371
0.650804
0.006640
0.974088
0.048746
0.038660
0.380818
0.455566
0.129689
0.414021
0.808905
0.185643
0.284233
1.046084
0.444957
0.040297
0.067208
0.142746
0.086837
0.343411
0.559990
0.361267
0.002511
0.166320
0.903496
0.578986
0.034289
0.234282
0.346475
1.286826
0.254577
0.150749
0.527273
0.265673
0.062644
0.682345
0.333344
0.526134
0.209634
0.627741
0.120368
0.077824
0.012769
0.521434
0.010469
0.476639
0.645473
0.079201
0.993449
1.078891
0.515458
0.384575
0.254496
0.522530
0.856195
0.133777
0.203388
1.085098
0.469333
0.898209
0.829283
0.003939
0.049578
0.309241
0.272392
0.119228
0.115196
1.185576
0.993930
0.397313
0.486019
0.040043
0.589459
0.520508
0.644621
0.624326
0.151519
0.298473
0.981636
0.066371
0.203179
0.349504
0.540733
0.659929
0.081996
0.327413
1.714457
0.332238
0.228100
0.429516
0.192511
0.096732
0.438865
0.267187
0.506867
0.002159
0.491911
0.925488
1.209194
0.335822
0.248105
0.380310
0.417465
0.043627
0.098937
0.171678
0.796447
0.290763
0.673777
0.533943
0.416508
0.038469
0.086693
0.128199
0.822223
0.185849
0.613167
0.744626
0.794559
0.037872
0.216074
0.061343
0.143073
1.367925
0.376898
1.085712
1.402301
0.084531
0.652636
0.949908
0.517362
0.063955
0.241465
0.118349
0.113841
0.413402
0.347961
0.000143
0.001758
0.138213
0.534359
0.420562
0.189580
0.845699
0.792228
0.065308
0.067438
0.348150
1.136043
1.275975
0.427269
0.142370
0.019126
0.866840
0.101028
0.418455
0.617820
0.065294
0.640962
0.288352
1.802711
0.228779
0.408585
0.219913
0.431307
0.717621
1.252999
0.041326
0.718222
1.274987
0.193448
0.271313
0.337350
0.505854
0.133625
0.168178
0.711162
0.223686
0.773715
0.533194
0.166176
0.224494
1.169314
0.193048
0.102340
0.045231
1.091281
1.124258
0.117173
0.470477
0.202256
0.100285
1.884333
1.108282
0.385648
0.404683
0.529157
0.304396
0.502818
0.268232
0.237334
1.550846
0.897786
1.014753
0.447546
0.035472
0.083755
0.215604
0.280341
1.418823
0.003023
0.622301
0.180602
1.201574
0.016385
0.334965
2.768082
1.259669
0.241200
0.114687
0.376695
0.628330
0.244454
0.352761
0.466228
1.290431
0.031475
0.150129
0.239247
0.594045
0.561290
0.709807
0.525231
0.355176
0.492810
0.138308
0.430209
0.759394
0.448159
0.003107
0.640895
0.455599
0.633171
0.012978
0.354156
0.693904
0.360648
0.350170
0.554127
1.134467
0.616448
0.111008
0.473342
0.050053
0.610807
0.123199
0.009871
0.726762
0.324815
0.255273
0.309440
0.082627
0.086003
0.059210
0.540658
0.768134
0.217960
0.135816
0.417172
1.452589
0.139896
0.170050
0.391775
1.637705
0.188382
0.026038
0.623400
0.879551
0.404085
0.240991
0.644363
0.152502
0.435586
0.205002
0.221691
0.168987
0.404549
0.237156
0.027250
0.016521
0.751458
0.361281
0.102176
1.370893
0.491976
0.934348
0.637130
1.943658
0.043619
0.168578
1.293540
0.198451
0.427249
0.315536
0.171103
1.096532
0.365656
0.001189
0.629789
0.037928
0.242918
0.290449
0.204684
1.695982
0.750195
0.592196
0.145941
0.201507
0.037230
0.182774
0.226435
0.946146
0.859282
0.398170
0.768138
0.296059
0.251014
0.351782
0.277864
0.325273
0.783630
0.216243
0.819534
0.227764
0.854865
0.050263
0.146724
0.206100
0.051578
1.762336
0.264544
0.329693
0.264786
0.686765
0.298181
0.104189
0.290674
0.605887
0.366773
0.359346
0.004276
1.077066
0.224618
0.883607
0.283715
0.079324
0.161508
0.879313
0.527611
0.605974
0.182611
0.292837
0.027487
0.059277
0.828149
1.030113
0.116240
0.032786
0.118104
0.182243
0.017299
0.485429
0.776241
0.294528
0.229457
0.135554
0.501536
0.827445
1.405023
0.083054
0.193934
1.481274
0.018873
0.575031
0.751424
0.317497
0.886234
0.027514
0.176755
0.328863
0.705140
0.462840
1.296744
0.828828
0.628571
0.662876
0.572835
1.281769
